Number,Score,Home,Away,Total,Differential,Count,All Games,Matchup
1,20-17,20,17,37,3,263,all games,Washington Redskins vs. Dallas Cowboys October 21 2018
2,27-24,27,24,51,3,203,all games,Seattle Seahawks vs. Green Bay Packers November 15 2018
3,17-14,17,14,31,3,195,all games,Washington Redskins vs. Seattle Seahawks November 5 2017
4,23-20,23,20,43,3,181,all games,Atlanta Falcons vs. New York Giants October 22 2018
5,13-10,13,10,23,3,161,all games,Tennessee Titans vs. Denver Broncos December 11 2016
6,24-17,24,17,41,7,159,all games,Chicago Bears vs. Seattle Seahawks September 17 2018
7,24-21,24,21,45,3,147,all games,Baltimore Ravens vs. Cincinnati Bengals November 18 2018
8,24-14,24,14,38,10,137,all games,Pittsburgh Steelers vs. New York Giants December 4 2016
9,16-13,16,13,29,3,136,all games,Arizona Cardinals vs. Indianapolis Colts September 17 2017
10,17-10,17,10,27,7,135,all games,New York Giants vs. Los Angeles Rams October 23 2016
11,24-10,24,10,34,14,120,all games,Chicago Bears vs. New York Jets October 28 2018
12,20-10,20,10,30,10,116,all games,Detroit Lions vs. Chicago Bears December 16 2017
13,23-17,23,17,40,6,113,all games,Washington Redskins vs. Carolina Panthers October 14 2018
14,27-20,27,20,47,7,112,all games,Dallas Cowboys vs. Philadelphia Eagles November 11 2018
15,24-20,24,20,44,4,109,all games,New England Patriots vs. Jacksonville Jaguars January 21 2018
16,17-7,17,7,24,10,106,all games,Seattle Seahawks vs. San Francisco 49ers December 14 2014
17,20-13,20,13,33,7,105,all games,Washington Redskins vs. New York Giants October 28 2018
18,27-17,27,17,44,10,105,all games,Minnesota Vikings vs. Arizona Cardinals October 14 2018
19,17-13,17,13,30,4,104,all games,Los Angeles Rams vs. Arizona Cardinals October 2 2016
20,21-17,21,17,38,4,100,all games,Carolina Panthers vs. Philadelphia Eagles October 21 2018
21,27-10,27,10,37,17,95,all games,Baltimore Ravens vs. Cleveland Browns December 17 2017
22,27-7,27,7,34,20,94,all games,Atlanta Falcons vs. Dallas Cowboys November 12 2017
23,21-14,21,14,35,7,94,all games,Oakland Raiders vs. Denver Broncos November 26 2017
24,7-0,7,0,7,7,93,all games,New England Patriots vs. New Orleans Saints December 4 1983
25,20-14,20,14,34,6,92,all games,Indianapolis Colts vs. Houston Texans November 5 2017
26,31-17,31,17,48,14,92,all games,New Orleans Saints vs. Atlanta Falcons November 22 2018
27,27-21,27,21,48,6,90,all games,Tampa Bay Buccaneers vs. Philadelphia Eagles September 16 2018
28,31-14,31,14,45,17,88,all games,Minnesota Vikings vs. San Diego Chargers September 27 2015
29,20-7,20,7,27,13,88,all games,Houston Texans vs. Jacksonville Jaguars October 21 2018
30,14-7,14,7,21,7,87,all games,Los Angeles Chargers vs. New York Jets December 24 2017
31,14-10,14,10,24,4,87,all games,Miami Dolphins vs. Los Angeles Rams November 20 2016
32,10-7,10,7,17,3,83,all games,New York Giants vs. Dallas Cowboys December 11 2016
33,28-7,28,7,35,21,82,all games,Pittsburgh Steelers vs. Indianapolis Colts November 24 2016
34,24-7,24,7,31,17,81,all games,Minnesota Vikings vs. Los Angeles Rams November 19 2017
35,21-7,21,7,28,14,81,all games,Baltimore Ravens vs. Tennessee Titans November 9 2014
36,30-27,30,27,57,3,80,all games,Pittsburgh Steelers vs. Tampa Bay Buccaneers September 24 2018
37,27-14,27,14,41,13,80,all games,Baltimore Ravens vs. Denver Broncos September 23 2018
38,31-24,31,24,55,7,79,all games,Atlanta Falcons vs. Carolina Panthers September 16 2018
39,31-7,31,7,38,24,79,all games,Cincinnati Bengals vs. Cleveland Browns October 1 2017
40,31-28,31,28,59,3,79,all games,Miami Dolphins vs. Chicago Bears October 14 2018
41,6-0,6,0,6,6,78,all games,Dallas Cowboys vs. Philadelphia Eagles December 31 2017
42,14-0,14,0,14,14,77,all games,Cincinnati Bengals vs. Cleveland Browns December 21 2008
43,13-7,13,7,20,6,76,all games,Buffalo Bills vs. Indianapolis Colts December 10 2017
44,24-23,24,23,47,1,75,all games,New Orleans Saints vs. Baltimore Ravens October 21 2018
45,16-10,16,10,26,6,75,all games,Buffalo Bills vs. Kansas City Chiefs November 26 2017
46,31-21,31,21,52,10,74,all games,Carolina Panthers vs. Cincinnati Bengals September 23 2018
47,28-21,28,21,49,7,73,all games,Pittsburgh Steelers vs. Cincinnati Bengals October 14 2018
48,0-0,0,0,0,0,73,all games,Detroit Lions vs. New York Giants November 7 1943
49,17-16,17,16,33,1,72,all games,Los Angeles Chargers vs. Oakland Raiders October 15 2017
50,28-24,28,24,52,4,70,all games,Pittsburgh Steelers vs. Cleveland Browns December 31 2017
51,24-13,24,13,37,11,70,all games,Seattle Seahawks vs. Dallas Cowboys September 23 2018
52,20-0,20,0,20,20,69,all games,New Orleans Saints vs. Miami Dolphins October 1 2017
53,31-10,31,10,41,21,68,all games,Cincinnati Bengals vs. Cleveland Browns November 5 2015
54,21-0,21,0,21,21,68,all games,Baltimore Ravens vs. Tennessee Titans October 14 2018
55,23-7,23,7,30,16,67,all games,Jacksonville Jaguars vs. Cincinnati Bengals November 5 2017
56,21-20,21,20,41,1,67,all games,Houston Texans vs. Jacksonville Jaguars December 18 2016
57,34-31,34,31,65,3,66,all games,Atlanta Falcons vs. Seattle Seahawks November 20 2017
58,27-0,27,0,27,27,65,all games,Jacksonville Jaguars vs. Indianapolis Colts October 22 2017
59,17-6,17,6,23,11,64,all games,New York Giants vs. Detroit Lions December 18 2016
60,27-13,27,13,40,14,64,all games,Philadelphia Eagles vs. Dallas Cowboys January 1 2017
61,13-0,13,0,13,13,64,all games,New England Patriots vs. Buffalo Bills December 28 2008
62,21-10,21,10,31,11,64,all games,Philadelphia Eagles vs. Minnesota Vikings October 23 2016
63,28-17,28,17,45,11,64,all games,Dallas Cowboys vs. Kansas City Chiefs November 5 2017
64,34-7,34,7,41,27,62,all games,Minnesota Vikings vs. Cincinnati Bengals December 17 2017
65,23-10,23,10,33,13,62,all games,Minnesota Vikings vs. Chicago Bears December 31 2017
66,10-0,10,0,10,10,61,all games,Chicago Bears vs. New York Jets November 19 2006
67,17-3,17,3,20,14,61,all games,Carolina Panthers vs. Tampa Bay Buccaneers October 29 2017
68,28-14,28,14,42,14,61,all games,Tennessee Titans vs. Dallas Cowboys November 5 2018
69,10-6,10,6,16,4,59,all games,Houston Texans vs. Cincinnati Bengals November 16 2015
70,16-14,16,14,30,2,59,all games,Chicago Bears vs. Arizona Cardinals September 23 2018
71,3-0,3,0,3,3,59,all games,Pittsburgh Steelers vs. Miami Dolphins November 26 2007
72,24-0,24,0,24,24,59,all games,St. Louis Rams vs. Washington Redskins December 7 2014
73,20-3,20,3,23,17,58,all games,Chicago Bears vs. Cleveland Browns December 24 2017
74,24-3,24,3,27,21,58,all games,Seattle Seahawks vs. Los Angeles Rams December 15 2016
75,14-13,14,13,27,1,57,all games,Buffalo Bills vs. Tennessee Titans October 11 2015
76,34-17,34,17,51,17,57,all games,Minnesota Vikings vs. Tampa Bay Buccaneers September 24 2017
77,38-14,38,14,52,24,57,all games,Atlanta Falcons vs. Washington Redskins November 4 2018
78,34-14,34,14,48,20,56,all games,Buffalo Bills vs. Oakland Raiders October 29 2017
79,34-24,34,24,58,10,56,all games,Philadelphia Eagles vs. Washington Redskins October 23 2017
80,7-6,7,6,13,1,56,all games,New York Jets vs. Arizona Cardinals December 2 2012
81,17-0,17,0,17,17,56,all games,Dallas Cowboys vs. Washington Redskins December 27 2009
82,23-21,23,21,44,2,54,all games,Houston Texans vs. Washington Redskins November 18 2018
83,20-16,20,16,36,4,54,all games,Pittsburgh Steelers vs. Jacksonville Jaguars November 18 2018
84,31-13,31,13,44,18,54,all games,Minnesota Vikings vs. Houston Texans October 9 2016
85,30-10,30,10,40,20,54,all games,Los Angeles Chargers vs. Oakland Raiders December 31 2017
86,20-6,20,6,26,14,52,all games,Los Angeles Chargers vs. Oakland Raiders November 11 2018
87,30-24,30,24,54,6,52,all games,Jacksonville Jaguars vs. Seattle Seahawks December 10 2017
88,35-14,35,14,49,21,51,all games,New England Patriots vs. Tennessee Titans January 13 2018
89,13-6,13,6,19,7,51,all games,Miami Dolphins vs. New York Jets November 4 2018
90,26-20,26,20,46,6,51,all games,Green Bay Packers vs. Tampa Bay Buccaneers December 3 2017
91,31-27,31,27,58,4,50,all games,Cincinnati Bengals vs. Baltimore Ravens December 31 2017
92,28-10,28,10,38,18,50,all games,New Orleans Saints vs. Carolina Panthers October 30 2014
93,30-14,30,14,44,16,49,all games,Kansas City Chiefs vs. Jacksonville Jaguars October 7 2018
94,14-6,14,6,20,8,49,all games,Arizona Cardinals vs. Detroit Lions November 16 2014
95,23-14,23,14,37,9,49,all games,Houston Texans vs. Chicago Bears September 11 2016
96,30-17,30,17,47,13,49,all games,Detroit Lions vs. Green Bay Packers November 6 2017
97,19-17,19,17,36,2,49,all games,Houston Texans vs. Denver Broncos November 4 2018
98,35-7,35,7,42,28,48,all games,Pittsburgh Steelers vs. Cincinnati Bengals December 4 2011
99,23-13,23,13,36,10,48,all games,New Orleans Saints vs. Atlanta Falcons December 24 2017
100,16-0,16,0,16,16,47,all games,Minnesota Vikings vs. Green Bay Packers December 23 2017
101,13-3,13,3,16,10,47,all games,Seattle Seahawks vs. New York Jets December 21 2008
102,21-13,21,13,34,8,47,all games,New England Patriots vs. Los Angeles Chargers October 29 2017
103,38-24,38,24,62,14,46,all games,New England Patriots vs. Indianapolis Colts October 4 2018
104,34-27,34,27,61,7,46,all games,Green Bay Packers vs. Detroit Lions September 25 2016
105,34-0,34,0,34,34,45,all games,Los Angeles Rams vs. Arizona Cardinals September 16 2018
106,24-16,24,16,40,8,45,all games,Minnesota Vikings vs. San Francisco 49ers September 9 2018
107,30-7,30,7,37,23,45,all games,New England Patriots vs. Minnesota Vikings September 14 2014
108,30-20,30,20,50,10,45,all games,New Orleans Saints vs. Minnesota Vikings October 28 2018
109,27-23,27,23,50,4,45,all games,New York Giants vs. San Francisco 49ers November 12 2018
110,38-10,38,10,48,28,45,all games,Indianapolis Colts vs. Tennessee Titans November 18 2018
111,38-7,38,7,45,31,44,all games,New England Patriots vs. Miami Dolphins September 30 2018
112,31-0,31,0,31,31,44,all games,San Diego Chargers vs. New York Jets October 5 2014
113,19-16,19,16,35,3,44,all games,Houston Texans vs. Dallas Cowboys October 7 2018
114,38-17,38,17,55,21,44,all games,Jacksonville Jaguars vs. Tennessee Titans December 24 2016
115,19-13,19,13,32,6,44,all games,Pittsburgh Steelers vs. Kansas City Chiefs October 15 2017
116,10-3,10,3,13,7,44,all games,Jacksonville Jaguars vs. Buffalo Bills January 7 2018
117,19-14,19,14,33,5,43,all games,New England Patriots vs. Tampa Bay Buccaneers October 5 2017
118,34-20,34,20,54,14,43,all games,Atlanta Falcons vs. Tampa Bay Buccaneers November 26 2017
119,35-17,35,17,52,18,43,all games,New England Patriots vs. Miami Dolphins November 26 2017
120,31-20,31,20,51,11,43,all games,Jacksonville Jaguars vs. New England Patriots September 16 2018
121,34-21,34,21,55,13,43,all games,New York Jets vs. Buffalo Bills November 2 2017
122,16-7,16,7,23,9,42,all games,Cincinnati Bengals vs. Cleveland Browns November 29 2009
123,28-0,28,0,28,28,42,all games,San Francisco 49ers vs. Los Angeles Rams September 12 2016
124,21-16,21,16,37,5,42,all games,Green Bay Packers vs. Philadelphia Eagles January 9 2011
125,26-10,26,10,36,16,42,all games,Los Angeles Chargers vs. Oakland Raiders October 7 2018
126,23-0,23,0,23,23,42,all games,Arizona Cardinals vs. New York Giants December 24 2017
127,28-20,28,20,48,8,41,all games,Miami Dolphins vs. Oakland Raiders September 23 2018
128,27-3,27,3,30,24,41,all games,Seattle Seahawks vs. Oakland Raiders October 14 2018
129,23-16,23,16,39,7,41,all games,Chicago Bears vs. Detroit Lions November 22 2018
130,14-3,14,3,17,11,40,all games,Pittsburgh Steelers vs. Cleveland Browns December 8 2011
131,34-13,34,13,47,21,40,all games,Philadelphia Eagles vs. New York Giants October 11 2018
132,34-10,34,10,44,24,40,all games,Tennessee Titans vs. New England Patriots November 11 2018
133,20-19,20,19,39,1,39,all games,Detroit Lions vs. Carolina Panthers November 18 2018
134,26-23,26,23,49,3,39,all games,Tampa Bay Buccaneers vs. Cleveland Browns October 21 2018
135,9-7,9,7,16,2,39,all games,Washington Redskins vs. St. Louis Rams September 20 2009
136,30-13,30,13,43,17,39,all games,Kansas City Chiefs vs. Los Angeles Chargers December 16 2017
137,35-21,35,21,56,14,38,all games,Denver Broncos vs. San Diego Chargers October 23 2014
138,26-14,26,14,40,12,38,all games,Kansas City Chiefs vs. Arizona Cardinals November 11 2018
139,19-7,19,7,26,12,38,all games,Jacksonville Jaguars vs. Cleveland Browns November 19 2017
140,38-21,38,21,59,17,38,all games,Washington Redskins vs. Cleveland Browns December 16 2012
141,26-24,26,24,50,2,37,all games,Dallas Cowboys vs. Detroit Lions September 30 2018
142,30-28,30,28,58,2,37,all games,New York Jets vs. Atlanta Falcons October 7 2013
143,31-3,31,3,34,28,37,all games,Philadelphia Eagles vs. Chicago Bears November 26 2017
144,34-28,34,28,62,6,36,all games,New England Patriots vs. Atlanta Falcons February 5 2017
145,28-27,28,27,55,1,36,all games,Oakland Raiders vs. Baltimore Ravens October 2 2016
146,27-6,27,6,33,21,35,all games,Buffalo Bills vs. Minnesota Vikings September 23 2018
147,10-9,10,9,19,1,35,all games,Seattle Seahawks vs. Minnesota Vikings January 10 2016
148,28-13,28,13,41,15,35,all games,Detroit Lions vs. New Orleans Saints December 4 2016
149,23-3,23,3,26,20,35,all games,New England Patriots vs. Buffalo Bills December 3 2017
150,19-0,19,0,19,19,35,all games,Buffalo Bills vs. Miami Dolphins December 22 2013
151,24-6,24,6,30,18,34,all games,Washington Redskins vs. Arizona Cardinals September 9 2018
152,26-21,26,21,47,5,34,all games,Chicago Bears vs. Tampa Bay Buccaneers December 27 2015
153,6-3,6,3,9,3,34,all games,Cleveland Browns vs. Seattle Seahawks October 23 2011
154,41-14,41,14,55,27,34,all games,Buffalo Bills vs. Miami Dolphins September 27 2015
155,37-14,37,14,51,23,33,all games,San Diego Chargers vs. New York Giants December 8 2013
156,38-31,38,31,69,7,33,all games,New England Patriots vs. Chicago Bears October 21 2018
157,13-9,13,9,22,4,33,all games,Houston Texans vs. Cincinnati Bengals September 14 2017
158,26-7,26,7,33,19,32,all games,Carolina Panthers vs. Minnesota Vikings December 20 2009
159,41-10,41,10,51,31,32,all games,Buffalo Bills vs. New York Jets November 11 2018
160,16-6,16,6,22,10,31,all games,Buffalo Bills vs. Dallas Cowboys December 27 2015
161,30-23,30,23,53,7,31,all games,Kansas City Chiefs vs. Denver Broncos October 28 2018
162,27-16,27,16,43,11,31,all games,New England Patriots vs. Pittsburgh Steelers October 23 2016
163,7-7,7,7,14,0,31,all games,Washington Redskins vs. New York Giants November 23 1997
164,38-28,38,28,66,10,31,all games,Kansas City Chiefs vs. Los Angeles Chargers September 9 2018
165,33-14,33,14,47,19,30,all games,Carolina Panthers vs. Dallas Cowboys November 26 2015
166,37-34,37,34,71,3,30,all games,Cincinnati Bengals vs. Tampa Bay Buccaneers October 28 2018
167,37-7,37,7,44,30,30,all games,Baltimore Ravens vs. St. Louis Rams September 25 2011
168,26-17,26,17,43,9,30,all games,Cincinnati Bengals vs. Detroit Lions December 24 2017
169,9-6,9,6,15,3,30,all games,Tennessee Titans vs. Jacksonville Jaguars September 23 2018
170,7-3,7,3,10,4,30,all games,Kansas City Chiefs vs. Denver Broncos January 1 2012
171,30-21,30,21,51,9,30,all games,Buffalo Bills vs. Houston Texans December 6 2015
172,31-23,31,23,54,8,30,all games,Dallas Cowboys vs. Washington Redskins November 22 2018
173,17-9,17,9,26,8,29,all games,Green Bay Packers vs. Seattle Seahawks September 10 2017
174,24-19,24,19,43,5,29,all games,Philadelphia Eagles vs. New York Giants December 22 2016
175,42-7,42,7,49,35,29,all games,Los Angeles Rams vs. Seattle Seahawks December 17 2017
176,9-0,9,0,9,9,29,all games,Green Bay Packers vs. New York Jets October 31 2010
177,28-23,28,23,51,5,29,all games,Philadelphia Eagles vs. Carolina Panthers October 12 2017
178,34-3,34,3,37,31,29,all games,San Francisco 49ers vs. Oakland Raiders November 1 2018
179,42-14,42,14,56,28,28,all games,Atlanta Falcons vs. Los Angeles Rams December 11 2016
180,26-0,26,0,26,26,28,all games,Seattle Seahawks vs. Chicago Bears September 27 2015
181,38-20,38,20,58,18,27,all games,New York Jets vs. Miami Dolphins November 29 2015
182,37-21,37,21,58,16,27,all games,Kansas City Chiefs vs. Cleveland Browns November 4 2018
183,16-3,16,3,19,13,27,all games,Washington Redskins vs. Tampa Bay Buccaneers November 11 2018
184,45-21,45,21,66,24,26,all games,Carolina Panthers vs. Miami Dolphins November 13 2017
185,21-19,21,19,40,2,26,all games,Detroit Lions vs. Chicago Bears November 10 2013
186,24-22,24,22,46,2,26,all games,St. Louis Rams vs. Arizona Cardinals October 4 2015
187,19-10,19,10,29,9,25,all games,Philadelphia Eagles vs. Oakland Raiders December 25 2017
188,28-3,28,3,31,25,25,all games,Arizona Cardinals vs. New York Jets October 17 2016
189,14-9,14,9,23,5,25,all games,Minnesota Vikings vs. Atlanta Falcons December 3 2017
190,33-17,33,17,50,16,25,all games,Houston Texans vs. Cleveland Browns October 15 2017
191,35-24,35,24,59,11,25,all games,Denver Broncos vs. San Diego Chargers October 15 2012
192,37-31,37,31,68,6,25,all games,New York Jets vs. Buffalo Bills September 15 2016
193,17-12,17,12,29,5,24,all games,Washington Redskins vs. Philadelphia Eagles October 3 2010
194,10-10,10,10,20,0,24,all games,Philadelphia Eagles vs. Baltimore Ravens November 16 1997
195,45-7,45,7,52,38,24,all games,Jacksonville Jaguars vs. Houston Texans December 17 2017
196,35-28,35,28,63,7,23,all games,Atlanta Falcons vs. Oakland Raiders September 18 2016
197,45-17,45,17,62,28,23,all games,Tampa Bay Buccaneers vs. Philadelphia Eagles November 22 2015
198,35-0,35,0,35,35,23,all games,San Francisco 49ers vs. St. Louis Rams October 4 2009
199,41-21,41,21,62,20,23,all games,Washington Redskins vs. Chicago Bears December 24 2016
200,26-16,26,16,42,10,22,all games,San Francisco 49ers vs. Houston Texans December 10 2017
201,20-12,20,12,32,8,22,all games,Miami Dolphins vs. New York Jets September 16 2018
202,33-27,33,27,60,6,22,all games,Tennessee Titans vs. Seattle Seahawks September 24 2017
203,31-16,31,16,47,15,22,all games,Dallas Cowboys vs. Washington Redskins October 13 2013
204,38-0,38,0,38,38,22,all games,Carolina Panthers vs. Atlanta Falcons December 13 2015
205,21-3,21,3,24,18,22,all games,New York Giants vs. Minnesota Vikings December 13 2010
206,12-0,12,0,12,12,22,all games,New England Patriots vs. Miami Dolphins December 7 2003
207,37-13,37,13,50,24,22,all games,Chicago Bears vs. St. Louis Rams November 15 2015
208,41-7,41,7,48,34,22,all games,New England Patriots vs. Baltimore Ravens December 22 2013
209,12-7,12,7,19,5,22,all games,Arizona Cardinals vs. Tennessee Titans December 10 2017
210,37-10,37,10,47,27,22,all games,New York Jets vs. Kansas City Chiefs December 11 2011
211,30-3,30,3,33,27,21,all games,Tennessee Titans vs. Carolina Panthers November 13 2011
212,26-13,26,13,39,13,21,all games,Atlanta Falcons vs. Los Angeles Rams January 6 2018
213,31-6,31,6,37,25,21,all games,Washington Redskins vs. Philadelphia Eagles November 18 2012
214,15-10,15,10,25,5,21,all games,Philadelphia Eagles vs. Atlanta Falcons January 13 2018
215,38-35,38,35,73,3,21,all games,New York Giants vs. Tampa Bay Buccaneers November 18 2018
216,42-17,42,17,59,25,21,all games,Denver Broncos vs. Dallas Cowboys September 17 2017
217,17-17,17,17,34,0,21,all games,Kansas City Chiefs vs. New York Jets October 2 1988
218,33-30,33,30,63,3,21,all games,Green Bay Packers vs. San Francisco 49ers October 15 2018
219,27-26,27,26,53,1,20,all games,Baltimore Ravens vs. Philadelphia Eagles December 18 2016
220,45-14,45,14,59,31,20,all games,Detroit Lions vs. Philadelphia Eagles November 26 2015
221,33-7,33,7,40,26,20,all games,Chicago Bears vs. Cincinnati Bengals December 10 2017
222,30-0,30,0,30,30,20,all games,Kansas City Chiefs vs. Houston Texans January 9 2016
223,44-7,44,7,51,37,20,all games,Jacksonville Jaguars vs. Baltimore Ravens September 24 2017
224,13-12,13,12,25,1,20,all games,Buffalo Bills vs. Tennessee Titans October 7 2018
225,22-17,22,17,39,5,20,all games,Houston Texans vs. Indianapolis Colts December 11 2016
226,28-16,28,16,44,12,20,all games,Cleveland Browns vs. Atlanta Falcons November 11 2018
227,41-0,41,0,41,41,20,all games,New Orleans Saints vs. Tampa Bay Buccaneers December 16 2012
228,35-13,35,13,48,22,20,all games,Miami Dolphins vs. Oakland Raiders September 16 2012
229,23-6,23,6,29,17,20,all games,Minnesota Vikings vs. Houston Texans December 23 2012
230,20-20,20,20,40,0,20,all games,St. Louis Cardinals vs. New York Giants October 24 1983
231,35-31,35,31,66,4,19,all games,Green Bay Packers vs. Dallas Cowboys October 8 2017
232,40-7,40,7,47,33,19,all games,Dallas Cowboys vs. Jacksonville Jaguars October 14 2018
233,29-7,29,7,36,22,19,all games,Tampa Bay Buccaneers vs. Chicago Bears September 17 2017
234,35-10,35,10,45,25,19,all games,Dallas Cowboys vs. Cleveland Browns November 6 2016
235,21-6,21,6,27,15,19,all games,Miami Dolphins vs. New Orleans Saints October 30 2005
236,41-38,41,38,79,3,19,all games,Seattle Seahawks vs. Houston Texans October 29 2017
237,24-9,24,9,33,15,19,all games,Minnesota Vikings vs. Detroit Lions November 4 2018
238,12-10,12,10,22,2,19,all games,Houston Texans vs. Cincinnati Bengals December 24 2016
239,22-21,22,21,43,1,19,all games,Tennessee Titans vs. Kansas City Chiefs January 6 2018
240,14-12,14,12,26,2,18,all games,Seattle Seahawks vs. Green Bay Packers September 24 2012
241,20-9,20,9,29,11,18,all games,Carolina Panthers vs. Jacksonville Jaguars September 13 2015
242,42-21,42,21,63,21,18,all games,Dallas Cowboys vs. Detroit Lions December 26 2016
243,35-27,35,27,62,8,18,all games,Carolina Panthers vs. New York Jets November 26 2017
244,35-20,35,20,55,15,18,all games,Washington Redskins vs. New York Giants December 24 2005
245,35-3,35,3,38,32,18,all games,Pittsburgh Steelers vs. Oakland Raiders November 21 2010
246,34-16,34,16,50,18,18,all games,New York Jets vs. Denver Broncos October 7 2018
247,31-30,31,30,61,1,18,all games,Oakland Raiders vs. Kansas City Chiefs October 19 2017
248,45-28,45,28,73,17,18,all games,Chicago Bears vs. Dallas Cowboys December 9 2013
249,29-14,29,14,43,15,18,all games,Pittsburgh Steelers vs. Cincinnati Bengals October 22 2017
250,38-13,38,13,51,25,18,all games,Green Bay Packers vs. New York Giants January 8 2017
251,13-13,13,13,26,0,18,all games,Cincinnati Bengals vs. Philadelphia Eagles November 16 2008
252,28-6,28,6,34,22,18,all games,Los Angeles Chargers vs. Dallas Cowboys November 23 2017
253,42-20,42,20,62,22,17,all games,New England Patriots vs. Indianapolis Colts November 16 2014
254,41-17,41,17,58,24,17,all games,Pittsburgh Steelers vs. Atlanta Falcons October 7 2018
255,24-24,24,24,48,0,17,all games,St. Louis Rams vs. San Francisco 49ers November 11 2012
256,42-10,42,10,52,32,17,all games,Green Bay Packers vs. Minnesota Vikings October 2 2014
257,22-20,22,20,42,2,17,all games,Jacksonville Jaguars vs. Baltimore Ravens November 15 2015
258,37-20,37,20,57,17,17,all games,San Diego Chargers vs. Kansas City Chiefs September 30 2012
259,37-0,37,0,37,37,17,all games,Miami Dolphins vs. San Diego Chargers November 2 2014
260,45-10,45,10,55,35,17,all games,Kansas City Chiefs vs. Cincinnati Bengals October 21 2018
261,27-19,27,19,46,8,17,all games,Denver Broncos vs. San Diego Chargers October 30 2016
262,12-9,12,9,21,3,17,all games,Cleveland Browns vs. Baltimore Ravens October 7 2018
263,29-10,29,10,39,19,17,all games,Philadelphia Eagles vs. Cleveland Browns September 11 2016
264,22-19,22,19,41,3,17,all games,Dallas Cowboys vs. Atlanta Falcons November 18 2018
265,41-24,41,24,65,17,17,all games,San Diego Chargers vs. Tampa Bay Buccaneers December 21 2008
266,9-3,9,3,12,6,17,all games,Carolina Panthers vs. Buffalo Bills September 17 2017
267,28-25,28,25,53,3,17,all games,Miami Dolphins vs. Buffalo Bills October 23 2016
268,23-19,23,19,42,4,16,all games,Tampa Bay Buccaneers vs. Atlanta Falcons December 6 2015
269,31-26,31,26,57,5,16,all games,New Orleans Saints vs. Carolina Panthers January 7 2018
270,26-3,26,3,29,23,16,all games,New York Giants vs. San Francisco 49ers October 14 2012
271,19-3,19,3,22,16,16,all games,Dallas Cowboys vs. New York Giants September 10 2017
272,22-10,22,10,32,12,16,all games,Atlanta Falcons vs. Carolina Panthers December 31 2017
273,15-13,15,13,28,2,16,all games,Miami Dolphins vs. Baltimore Ravens December 6 2015
274,48-21,48,21,69,27,16,all games,Atlanta Falcons vs. Houston Texans October 4 2015
275,42-0,42,0,42,42,16,all games,Seattle Seahawks vs. Philadelphia Eagles December 5 2005
276,37-24,37,24,61,13,16,all games,New York Jets vs. Miami Dolphins December 28 2014
277,27-22,27,22,49,5,16,all games,New York Giants vs. Houston Texans September 23 2018
278,6-6,6,6,12,0,16,all games,Arizona Cardinals vs. Seattle Seahawks October 23 2016
279,21-9,21,9,30,12,15,all games,Indianapolis Colts vs. Washington Redskins September 16 2018
280,15-0,15,0,15,15,15,all games,Oakland Raiders vs. Kansas City Chiefs December 16 2012
281,28-28,28,28,56,0,15,all games,Miami Dolphins vs. New York Jets October 4 1981
282,45-24,45,24,69,21,15,all games,Atlanta Falcons vs. Tampa Bay Buccaneers January 1 2012
283,25-20,25,20,45,5,15,all games,Chicago Bears vs. Minnesota Vikings November 18 2018
284,14-14,14,14,28,0,15,all games,Green Bay Packers vs. Tampa Bay Buccaneers October 12 1980
285,33-24,33,24,57,9,15,all games,Baltimore Ravens vs. Dallas Cowboys December 20 2008
286,21-21,21,21,42,0,15,all games,Cleveland Browns vs. Pittsburgh Steelers September 9 2018
287,29-21,29,21,50,8,15,all games,Carolina Panthers vs. Chicago Bears January 15 2006
288,12-6,12,6,18,6,15,all games,Pittsburgh Steelers vs. St. Louis Rams September 27 2015
289,29-27,29,27,56,2,15,all games,Los Angeles Rams vs. Green Bay Packers October 28 2018
290,34-23,34,23,57,11,15,all games,Cincinnati Bengals vs. Baltimore Ravens September 13 2018
291,22-13,22,13,35,9,15,all games,Indianapolis Colts vs. Houston Texans December 31 2017
292,42-28,42,28,70,14,15,all games,Carolina Panthers vs. Tampa Bay Buccaneers November 4 2018
293,22-14,22,14,36,8,15,all games,Indianapolis Colts vs. Tennessee Titans December 1 2013
294,22-16,22,16,38,6,14,all games,Buffalo Bills vs. Miami Dolphins December 31 2017
295,41-20,41,20,61,21,14,all games,Denver Broncos vs. Arizona Cardinals October 5 2014
296,31-19,31,19,50,12,14,all games,New Orleans Saints vs. New York Jets December 17 2017
297,33-13,33,13,46,20,14,all games,Los Angeles Rams vs. Oakland Raiders September 10 2018
298,25-24,25,24,49,1,14,all games,Indianapolis Colts vs. Cleveland Browns December 7 2014
299,33-21,33,21,54,12,14,all games,Arizona Cardinals vs. San Francisco 49ers October 6 2016
300,38-3,38,3,41,35,14,all games,Buffalo Bills vs. New York Jets November 24 2014
301,29-24,29,24,53,5,14,all games,Minnesota Vikings vs. New Orleans Saints January 14 2018
302,22-0,22,0,22,22,14,all games,Green Bay Packers vs. Buffalo Bills September 30 2018
303,41-13,41,13,54,28,14,all games,Atlanta Falcons vs. San Francisco 49ers December 18 2016
304,26-6,26,6,32,20,14,all games,New England Patriots vs. New York Jets December 31 2017
305,18-17,18,17,35,1,14,all games,Chicago Bears vs. Kansas City Chiefs October 11 2015
306,38-27,38,27,65,11,14,all games,Kansas City Chiefs vs. San Francisco 49ers September 23 2018
307,35-23,35,23,58,12,13,all games,Los Angeles Rams vs. Los Angeles Chargers September 23 2018
308,29-28,29,28,57,1,13,all games,Kansas City Chiefs vs. Atlanta Falcons December 4 2016
309,40-14,40,14,54,26,13,all games,Buffalo Bills vs. Denver Broncos December 24 2011
310,38-23,38,23,61,15,13,all games,Dallas Cowboys vs. Philadelphia Eagles November 11 2012
311,20-15,20,15,35,5,13,all games,Jacksonville Jaguars vs. New York Giants September 9 2018
312,30-16,30,16,46,14,13,all games,Cincinnati Bengals vs. Cleveland Browns November 26 2017
313,3-3,3,3,6,0,13,all games,Chicago Bears vs. New York Giants October 31 1937
314,19-6,19,6,25,13,13,all games,Pittsburgh Steelers vs. New York Jets October 13 2013
315,41-28,41,28,69,13,12,all games,Dallas Cowboys vs. Chicago Bears December 4 2014
316,23-22,23,22,45,1,12,all games,Denver Broncos vs. Los Angeles Chargers November 18 2018
317,19-9,19,9,28,10,12,all games,Houston Texans vs. Tampa Bay Buccaneers September 27 2015
318,25-17,25,17,42,8,12,all games,Los Angeles Chargers vs. Seattle Seahawks November 4 2018
319,36-14,36,14,50,22,12,all games,Denver Broncos vs. Carolina Panthers November 11 2012
320,49-21,49,21,70,28,12,all games,New Orleans Saints vs. Los Angeles Rams November 27 2016
321,45-3,45,3,48,42,12,all games,San Francisco 49ers vs. Buffalo Bills October 7 2012
322,27-9,27,9,36,18,12,all games,Denver Broncos vs. Houston Texans October 24 2016
323,33-31,33,31,64,2,12,all games,Carolina Panthers vs. New York Giants October 7 2018
324,17-15,17,15,32,2,12,all games,Dallas Cowboys vs. Minnesota Vikings December 1 2016
325,16-12,16,12,28,4,12,all games,Buffalo Bills vs. Cincinnati Bengals November 20 2016
326,41-27,41,27,68,14,12,all games,New York Giants vs. Cleveland Browns October 7 2012
327,22-7,22,7,29,15,12,all games,Cincinnati Bengals vs. Miami Dolphins September 29 2016
328,21-18,21,18,39,3,12,all games,New Orleans Saints vs. Cleveland Browns September 16 2018
329,28-26,28,26,54,2,11,all games,Tennessee Titans vs. Cleveland Browns October 16 2016
330,16-15,16,15,31,1,11,all games,Tennessee Titans vs. Detroit Lions September 18 2016
331,37-27,37,27,64,10,11,all games,Kansas City Chiefs vs. San Diego Chargers January 1 2017
332,30-6,30,6,36,24,11,all games,Houston Texans vs. Jacksonville Jaguars January 3 2016
333,41-3,41,3,44,38,11,all games,New England Patriots vs. New York Jets December 24 2016
334,33-10,33,10,43,23,11,all games,Philadelphia Eagles vs. San Francisco 49ers October 29 2017
335,16-9,16,9,25,7,11,all games,New England Patriots vs. Oakland Raiders September 21 2014
336,29-20,29,20,49,9,11,all games,Kansas City Chiefs vs. Washington Redskins October 2 2017
337,38-34,38,34,72,4,11,all games,Chicago Bears vs. New York Jets December 26 2010
338,37-3,37,3,40,34,11,all games,Cincinnati Bengals vs. Cleveland Browns December 6 2015
339,29-23,29,23,52,6,11,all games,Dallas Cowboys vs. Philadelphia Eagles October 30 2016
340,33-6,33,6,39,27,11,all games,Seattle Seahawks vs. St. Louis Rams October 21 2007
341,48-17,48,17,65,31,11,all games,New York Jets vs. Detroit Lions September 10 2018
342,33-20,33,20,53,13,11,all games,Pittsburgh Steelers vs. Cincinnati Bengals December 13 2015
343,37-17,37,17,54,20,11,all games,Minnesota Vikings vs. New York Jets October 21 2018
344,34-33,34,33,67,1,11,all games,San Diego Chargers vs. Baltimore Ravens November 30 2014
345,42-24,42,24,66,18,11,all games,Washington Redskins vs. Green Bay Packers November 20 2016
346,37-16,37,16,53,21,11,all games,New England Patriots vs. Buffalo Bills December 24 2017
347,41-31,41,31,72,10,10,all games,Cleveland Browns vs. Miami Dolphins October 14 2007
348,45-0,45,0,45,45,10,all games,Oakland Raiders vs. Tampa Bay Buccaneers December 19 1999
349,29-17,29,17,46,12,10,all games,Denver Broncos vs. Cincinnati Bengals September 25 2016
350,29-26,29,26,55,3,10,all games,Indianapolis Colts vs. Jacksonville Jaguars November 11 2018
351,33-3,33,3,36,30,10,all games,Kansas City Chiefs vs. San Diego Chargers November 22 2015
352,37-6,37,6,43,31,10,all games,Denver Broncos vs. Oakland Raiders September 30 2012
353,15-7,15,7,22,8,10,all games,New York Giants vs. Philadelphia Eagles October 27 2013
354,28-19,28,19,47,9,10,all games,Minnesota Vikings vs. Detroit Lions October 25 2015
355,48-7,48,7,55,41,10,all games,New Orleans Saints vs. Philadelphia Eagles November 18 2018
356,24-12,24,12,36,12,10,all games,Denver Broncos vs. Detroit Lions September 27 2015
357,37-35,37,35,72,2,10,all games,Miami Dolphins vs. Minnesota Vikings December 21 2014
358,25-0,25,0,25,25,10,all games,Tampa Bay Buccaneers vs. Baltimore Ravens September 15 2002
359,32-0,32,0,32,32,10,all games,Cleveland Browns vs. Arizona Cardinals September 18 1994
360,36-28,36,28,64,8,9,all games,Atlanta Falcons vs. San Francisco 49ers September 3 2000
361,30-26,30,26,56,4,9,all games,Atlanta Falcons vs. Detroit Lions September 24 2017
362,23-12,23,12,35,11,9,all games,St. Louis Rams vs. Seattle Seahawks November 14 2004
363,23-9,23,9,32,14,9,all games,Cleveland Browns vs. Oakland Raiders December 27 2009
364,44-10,44,10,54,34,9,all games,Jacksonville Jaguars vs. Arizona Cardinals December 10 2000
365,52-21,52,21,73,31,9,all games,Pittsburgh Steelers vs. Carolina Panthers November 8 2018
366,35-9,35,9,44,26,9,all games,Miami Dolphins vs. Denver Broncos December 3 2017
367,31-9,31,9,40,22,9,all games,Indianapolis Colts vs. Tennessee Titans October 11 2009
368,35-16,35,16,51,19,9,all games,San Francisco 49ers vs. St. Louis Rams November 16 2008
369,40-21,40,21,61,19,9,all games,San Francisco 49ers vs. Seattle Seahawks December 12 2010
370,25-10,25,10,35,15,9,all games,Carolina Panthers vs. Arizona Cardinals October 14 2007
371,35-30,35,30,65,5,9,all games,Los Angeles Rams vs. Dallas Cowboys October 1 2017
372,44-17,44,17,61,27,9,all games,Dallas Cowboys vs. Washington Redskins December 28 2014
373,32-14,32,14,46,18,9,all games,Cincinnati Bengals vs. Philadelphia Eagles December 4 2016
374,36-20,36,20,56,16,9,all games,New England Patriots vs. New Orleans Saints September 17 2017
375,29-13,29,13,42,16,9,all games,Kansas City Chiefs vs. Miami Dolphins December 24 2017
376,30-19,30,19,49,11,9,all games,Buffalo Bills vs. Los Angeles Rams October 9 2016
377,19-12,19,12,31,7,9,all games,Houston Texans vs. Kansas City Chiefs September 18 2016
378,31-29,31,29,60,2,9,all games,Baltimore Ravens vs. Dallas Cowboys October 14 2012
379,15-14,15,14,29,1,9,all games,San Francisco 49ers vs. Chicago Bears December 3 2017
380,23-15,23,15,38,8,9,all games,Seattle Seahawks vs. New Orleans Saints January 11 2014
381,35-34,35,34,69,1,9,all games,New Orleans Saints vs. San Diego Chargers October 2 2016
382,31-15,31,15,46,16,8,all games,New Orleans Saints vs. Chicago Bears December 15 2014
383,45-31,45,31,76,14,8,all games,San Francisco 49ers vs. Green Bay Packers January 12 2013
384,30-22,30,22,52,8,8,all games,Kansas City Chiefs vs. Buffalo Bills November 29 2015
385,31-22,31,22,53,9,8,all games,Carolina Panthers vs. Detroit Lions November 16 2008
386,22-3,22,3,25,19,8,all games,Baltimore Ravens vs. St. Louis Rams October 14 2007
387,44-0,44,0,44,44,8,all games,Detroit Lions vs. Jacksonville Jaguars December 17 1995
388,38-6,38,6,44,32,8,all games,Baltimore Ravens vs. Miami Dolphins December 4 2016
389,48-10,48,10,58,38,8,all games,Chicago Bears vs. Tampa Bay Buccaneers September 30 2018
390,26-9,26,9,35,17,8,all games,Pittsburgh Steelers vs. Baltimore Ravens October 1 2017
391,33-28,33,28,61,5,8,all games,San Diego Chargers vs. Detroit Lions September 13 2015
392,44-14,44,14,58,30,8,all games,Tennessee Oilers vs. Cincinnati Bengals October 18 1998
393,38-9,38,9,47,29,8,all games,Buffalo Bills vs. Seattle Seahawks November 28 2004
394,34-30,34,30,64,4,8,all games,Cincinnati Bengals vs. Green Bay Packers September 22 2013
395,49-14,49,14,63,35,8,all games,Indianapolis Colts vs. Houston Texans November 14 2004
396,25-21,25,21,46,4,8,all games,Arizona Cardinals vs. Detroit Lions September 15 2013
397,43-14,43,14,57,29,8,all games,Pittsburgh Steelers vs. Kansas City Chiefs October 2 2016
398,18-16,18,16,34,2,8,all games,Pittsburgh Steelers vs. Kansas City Chiefs January 15 2017
399,25-23,25,23,48,2,8,all games,San Francisco 49ers vs. Tennessee Titans December 17 2017
400,25-7,25,7,32,18,8,all games,Minnesota Vikings vs. Chicago Bears October 27 2002
401,25-22,25,22,47,3,8,all games,New Orleans Saints vs. San Francisco 49ers September 20 2010
402,42-27,42,27,69,15,8,all games,Kansas City Chiefs vs. New England Patriots September 7 2017
403,15-12,15,12,27,3,8,all games,Oakland Raiders vs. Denver Broncos December 13 2015
404,36-22,36,22,58,14,8,all games,Tennessee Titans vs. Indianapolis Colts October 16 2017
405,18-15,18,15,33,3,8,all games,Arizona Cardinals vs. San Francisco 49ers October 28 2018
406,33-0,33,0,33,33,8,all games,Los Angeles Rams vs. Arizona Cardinals October 22 2017
407,33-19,33,19,52,14,8,all games,Dallas Cowboys vs. Washington Redskins October 29 2017
408,30-9,30,9,39,21,8,all games,Jacksonville Jaguars vs. Pittsburgh Steelers October 8 2017
409,21-12,21,12,33,9,8,all games,Seattle Seahawks vs. Dallas Cowboys December 24 2017
410,34-19,34,19,53,15,8,all games,New York Jets vs. Washington Redskins December 4 2011
411,40-17,40,17,57,23,8,all games,Pittsburgh Steelers vs. Tennessee Titans November 16 2017
412,34-6,34,6,40,28,8,all games,Pittsburgh Steelers vs. Houston Texans December 25 2017
413,45-35,45,35,80,10,8,all games,New Orleans Saints vs. Los Angeles Rams November 4 2018
414,20-18,20,18,38,2,7,all games,Denver Broncos vs. New England Patriots January 24 2016
415,34-29,34,29,63,5,7,all games,Atlanta Falcons vs. Tampa Bay Buccaneers October 14 2018
416,25-19,25,19,44,6,7,all games,Atlanta Falcons vs. Washington Redskins October 11 2015
417,33-16,33,16,49,17,7,all games,Minnesota Vikings vs. Cleveland Browns October 29 2017
418,49-17,49,17,66,32,7,all games,Minnesota Vikings vs. New York Giants December 27 2015
419,48-0,48,0,48,48,7,all games,Jacksonville Jaguars vs. Cleveland Browns December 3 2000
420,18-7,18,7,25,11,7,all games,Pittsburgh Steelers vs. New York Jets December 9 2001
421,34-26,34,26,60,8,7,all games,Indianapolis Colts vs. Tennessee Titans October 23 2016
422,37-28,37,28,65,9,7,all games,Cincinnati Bengals vs. Denver Broncos December 22 2014
423,36-0,36,0,36,36,7,all games,New York Giants vs. Washington Redskins October 30 2005
424,24-15,24,15,39,9,7,all games,Philadelphia Eagles vs. Atlanta Falcons November 13 2016
425,43-24,43,24,67,19,7,all games,Philadelphia Eagles vs. Tennessee Titans November 23 2014
426,34-9,34,9,43,25,7,all games,New England Patriots vs. Detroit Lions November 23 2014
427,28-18,28,18,46,10,7,all games,Arizona Cardinals vs. San Francisco 49ers October 7 2018
428,44-24,44,24,68,20,7,all games,Kansas City Chiefs vs. Denver Broncos January 3 2010
429,40-10,40,10,50,30,7,all games,Dallas Cowboys vs. San Francisco 49ers October 22 2017
430,27-12,27,12,39,15,7,all games,Pittsburgh Steelers vs. Washington Redskins October 28 2012
431,40-24,40,24,64,16,7,all games,Indianapolis Colts vs. New York Giants November 3 2014
432,44-21,44,21,65,23,7,all games,Atlanta Falcons vs. Green Bay Packers January 22 2017
433,42-31,42,31,73,11,7,all games,Buffalo Bills vs. Miami Dolphins December 4 1994
434,30-12,30,12,42,18,7,all games,Pittsburgh Steelers vs. Miami Dolphins January 8 2017
435,48-14,48,14,62,34,7,all games,St. Louis Rams vs. Carolina Panthers November 11 2001
436,35-6,35,6,41,29,7,all games,Seattle Seahawks vs. Baltimore Ravens December 13 2015
437,44-6,44,6,50,38,7,all games,Arizona Cardinals vs. Los Angeles Rams January 1 2017
438,38-16,38,16,54,22,7,all games,Pittsburgh Steelers vs. Washington Redskins September 12 2016
439,41-9,41,9,50,32,7,all games,Chicago Bears vs. Buffalo Bills November 4 2018
440,35-32,35,32,67,3,7,all games,Oakland Raiders vs. Carolina Panthers November 27 2016
441,42-13,42,13,55,29,7,all games,Seattle Seahawks vs. San Francisco 49ers December 23 2012
442,36-10,36,10,46,26,7,all games,Tampa Bay Buccaneers vs. Chicago Bears November 13 2016
443,41-16,41,16,57,25,7,all games,New England Patriots vs. Denver Broncos November 12 2017
444,27-11,27,11,38,16,7,all games,Washington Redskins vs. Denver Broncos December 24 2017
445,36-7,36,7,43,29,7,all games,New England Patriots vs. Miami Dolphins October 29 2015
446,42-6,42,6,48,36,6,all games,Indianapolis Colts vs. St. Louis Rams October 25 2009
447,45-27,45,27,72,18,6,all games,New Orleans Saints vs. Detroit Lions September 13 2009
448,32-21,32,21,53,11,6,all games,Detroit Lions vs. Miami Dolphins October 21 2018
449,49-7,49,7,56,42,6,all games,San Francisco 49ers vs. Chicago Bears September 7 2003
450,52-14,52,14,66,38,6,all games,Miami Dolphins vs. New York Jets September 3 1995
451,42-3,42,3,45,39,6,all games,Philadelphia Eagles vs. San Francisco 49ers September 18 2005
452,55-14,55,14,69,41,6,all games,Green Bay Packers vs. Chicago Bears November 9 2014
453,26-18,26,18,44,8,6,all games,Arizona Cardinals vs. Baltimore Ravens October 26 2015
454,32-31,32,31,63,1,6,all games,Minnesota Vikings vs. New Orleans Saints December 15 2002
455,32-28,32,28,60,4,6,all games,Jacksonville Jaguars vs. Cleveland Browns December 1 2013
456,44-13,44,13,57,31,6,all games,Baltimore Ravens vs. Cincinnati Bengals September 10 2012
457,41-6,41,6,47,35,6,all games,Miami Dolphins vs. Indianapolis Colts December 10 2001
458,32-10,32,10,42,22,6,all games,Atlanta Falcons vs. Arizona Cardinals October 1 2006
459,27-25,27,25,52,2,6,all games,New England Patriots vs. New York Jets October 16 2014
460,28-22,28,22,50,6,6,all games,Seattle Seahawks vs. Green Bay Packers January 18 2015
461,33-18,33,18,51,15,6,all games,Pittsburgh Steelers vs. Cleveland Browns October 28 2018
462,34-12,34,12,46,22,6,all games,Denver Broncos vs. Cleveland Browns December 23 2012
463,25-13,25,13,38,12,6,all games,Denver Broncos vs. Indianapolis Colts December 14 2017
464,38-30,38,30,68,8,6,all games,Minnesota Vikings vs. Washington Redskins November 12 2017
465,26-15,26,15,41,11,6,all games,Kansas City Chiefs vs. Oakland Raiders December 10 2017
466,47-17,47,17,64,30,6,all games,Atlanta Falcons vs. St. Louis Rams January 15 2005
467,41-34,41,34,75,7,6,all games,San Francisco 49ers vs. New England Patriots December 16 2012
468,38-36,38,36,74,2,6,all games,Tennessee Titans vs. Houston Texans October 21 2007
469,42-34,42,34,76,8,6,all games,New York Jets vs. Indianapolis Colts October 14 2018
470,28-9,28,9,37,19,6,all games,Buffalo Bills vs. New York Jets December 30 2012
471,49-0,49,0,49,49,6,all games,Kansas City Chiefs vs. Arizona Cardinals December 1 2002
472,36-30,36,30,66,6,6,all games,Chicago Bears vs. Minnesota Vikings December 28 2009
473,41-23,41,23,64,18,6,all games,New Orleans Saints vs. San Francisco 49ers November 6 2016
474,31-31,31,31,62,0,6,all games,Houston Oilers vs. San Diego Chargers October 25 1970
475,36-17,36,17,53,19,5,all games,New England Patriots vs. Pittsburgh Steelers January 22 2017
476,45-38,45,38,83,7,5,all games,Green Bay Packers vs. San Diego Chargers November 6 2011
477,42-23,42,23,65,19,5,all games,Houston Texans vs. Miami Dolphins October 25 2018
478,18-14,18,14,32,4,5,all games,Indianapolis Colts vs. San Francisco 49ers November 1 2009
479,33-25,33,25,58,8,5,all games,Oakland Raiders vs. Indianapolis Colts December 24 2016
480,12-3,12,3,15,9,5,all games,Cincinnati Bengals vs. Cleveland Browns October 29 2000
481,51-14,51,14,65,37,5,all games,New Orleans Saints vs. Cincinnati Bengals November 11 2018
482,35-33,35,33,68,2,5,all games,Indianapolis Colts vs. Tennessee Titans September 27 2015
483,38-33,38,33,71,5,5,all games,Arizona Cardinals vs. Tampa Bay Buccaneers October 15 2017
484,48-20,48,20,68,28,5,all games,Philadelphia Eagles vs. Arizona Cardinals November 27 2008
485,48-3,48,3,51,45,5,all games,San Francisco 49ers vs. Tampa Bay Buccaneers October 9 2011
486,29-3,29,3,32,26,5,all games,Seattle Seahawks vs. San Francisco 49ers September 15 2013
487,40-13,40,13,53,27,5,all games,New York Jets vs. Miami Dolphins December 2 2007
488,43-0,43,0,43,43,5,all games,Pittsburgh Steelers vs. Cleveland Browns September 12 1999
489,38-19,38,19,57,19,5,all games,Atlanta Falcons vs. Arizona Cardinals November 27 2016
490,30-15,30,15,45,15,5,all games,Miami Dolphins vs. Pittsburgh Steelers October 16 2016
491,37-22,37,22,59,15,5,all games,New England Patriots vs. Buffalo Bills October 12 2014
492,23-18,23,18,41,5,5,all games,Jacksonville Jaguars vs. Houston Texans December 6 2009
493,39-0,39,0,39,39,5,all games,Detroit Lions vs. Chicago Cardinals September 28 1936
494,25-14,25,14,39,11,5,all games,Arizona Cardinals vs. New York Giants September 14 2014
495,36-33,36,33,69,3,5,all games,New England Patriots vs. Houston Texans September 24 2017
496,8-0,8,0,8,8,5,all games,Cleveland Browns vs. Buffalo Bills December 16 2007
497,38-15,38,15,53,23,5,all games,Tampa Bay Buccaneers vs. Seattle Seahawks December 26 2010
498,31-12,31,12,43,19,5,all games,Green Bay Packers vs. Miami Dolphins November 11 2018
499,51-7,51,7,58,44,5,all games,San Francisco 49ers vs. Minnesota Vikings December 8 1984
500,34-15,34,15,49,19,5,all games,Kansas City Chiefs vs. Miami Dolphins September 21 2014
501,31-25,31,25,56,6,5,all games,Seattle Seahawks vs. Buffalo Bills November 7 2016
502,27-27,27,27,54,0,5,all games,Washington Redskins vs. Cincinnati Bengals October 30 2016
503,28-12,28,12,40,16,5,all games,Pittsburgh Steelers vs. Cleveland Browns January 3 2016
504,35-15,35,15,50,20,5,all games,San Diego Chargers vs. Seattle Seahawks October 30 1994
505,29-6,29,6,35,23,5,all games,Houston Texans vs. Oakland Raiders October 4 2009
506,32-29,32,29,61,3,5,all games,Carolina Panthers vs. Green Bay Packers October 3 2005
507,36-21,36,21,57,15,5,all games,Carolina Panthers vs. Baltimore Ravens October 28 2018
508,22-6,22,6,28,16,5,all games,Arizona Cardinals vs. Carolina Panthers October 6 2013
509,27-15,27,15,42,12,5,all games,Green Bay Packers vs. Detroit Lions November 24 2011
510,26-22,26,22,48,4,5,all games,Indianapolis Colts vs. San Diego Chargers September 25 2016
511,47-7,47,7,54,40,5,all games,Arizona Cardinals vs. San Francisco 49ers September 27 2015
512,41-35,41,35,76,6,5,all games,New York Giants vs. Dallas Cowboys October 25 2010
513,22-9,22,9,31,13,5,all games,Miami Dolphins vs. Buffalo Bills November 13 2014
514,35-35,35,35,70,0,5,all games,Denver Broncos vs. Pittsburgh Steelers September 22 1974
515,35-26,35,26,61,9,5,all games,Green Bay Packers vs. Tampa Bay Buccaneers November 20 2011
516,49-31,49,31,80,18,5,all games,Buffalo Bills vs. Cincinnati Bengals November 21 2010
517,45-13,45,13,58,32,5,all games,Kansas City Chiefs vs. Washington Redskins September 30 2001
518,14-2,14,2,16,12,5,all games,Baltimore Colts vs. Los Angeles Rams November 11 1962
519,24-18,24,18,42,6,5,all games,Philadelphia Eagles vs. Jacksonville Jaguars October 28 2018
520,32-7,32,7,39,25,5,all games,San Francisco 49ers vs. Chicago Bears November 19 2012
521,42-35,42,35,77,7,5,all games,Tampa Bay Buccaneers vs. Chicago Bears October 8 1989
522,35-19,35,19,54,16,5,all games,Denver Broncos vs. Jacksonville Jaguars October 13 2013
523,32-17,32,17,49,15,5,all games,Detroit Lions vs. San Francisco 49ers December 27 2015
524,56-17,56,17,73,39,5,all games,San Francisco 49ers vs. Atlanta Falcons October 18 1992
525,2-0,2,0,2,2,5,all games,Chicago Bears vs. Green Bay Packers September 18 1938
526,33-12,33,12,45,21,4,all games,Los Angeles Rams vs. New York Giants September 30 1984
527,34-25,34,25,59,9,4,all games,Oakland Raiders vs. Tennessee Titans October 30 2005
528,18-13,18,13,31,5,4,all games,Detroit Lions vs. Oakland Raiders November 22 2015
529,29-16,29,16,45,13,4,all games,Denver Broncos vs. Kansas City Chiefs November 30 2014
530,18-12,18,12,30,6,4,all games,Philadelphia Eagles vs. Atlanta Falcons September 6 2018
531,19-11,19,11,30,8,4,all games,San Francisco 49ers vs. Washington Redskins November 6 2011
532,44-20,44,20,64,24,4,all games,Baltimore Ravens vs. Detroit Lions December 3 2017
533,47-10,47,10,57,37,4,all games,New Orleans Saints vs. Buffalo Bills November 12 2017
534,36-31,36,31,67,5,4,all games,Los Angeles Rams vs. Seattle Seahawks November 11 2018
535,40-34,40,34,74,6,4,all games,Kansas City Chiefs vs. Green Bay Packers October 12 2003
536,47-27,47,27,74,20,4,all games,Atlanta Falcons vs. Houston Oilers September 9 1990
537,18-6,18,6,24,12,4,all games,Green Bay Packers vs. Minnesota Vikings December 11 1988
538,47-0,47,0,47,47,4,all games,Houston Oilers vs. Chicago Bears November 6 1977
539,32-20,32,20,52,12,4,all games,San Francisco 49ers vs. Arizona Cardinals October 13 2013
540,59-0,59,0,59,59,4,all games,New England Patriots vs. Tennessee Titans October 18 2009
541,15-3,15,3,18,12,4,all games,Cincinnati Bengals vs. Los Angeles Rams December 19 1993
542,56-10,56,10,66,46,4,all games,New England Patriots vs. Buffalo Bills November 18 2007
543,28-15,28,15,43,13,4,all games,Pittsburgh Steelers vs. Arizona Cardinals November 9 2003
544,29-22,29,22,51,7,4,all games,Jacksonville Jaguars vs. Pittsburgh Steelers December 16 2007
545,36-6,36,6,42,30,4,all games,Seattle Seahawks vs. Arizona Cardinals January 3 2016
546,48-23,48,23,71,25,4,all games,Arizona Cardinals vs. Chicago Bears September 20 2015
547,47-14,47,14,61,33,4,all games,Washington Redskins vs. New Orleans Saints November 15 2015
548,26-19,26,19,45,7,4,all games,Detroit Lions vs. Jacksonville Jaguars November 20 2016
549,45-34,45,34,79,11,4,all games,Seattle Seahawks vs. Oakland Raiders October 26 1997
550,43-37,43,37,80,6,4,all games,New Orleans Saints vs. Atlanta Falcons September 23 2018
551,29-19,29,19,48,10,4,all games,Kansas City Chiefs vs. Denver Broncos October 30 2017
552,35-12,35,12,47,23,4,all games,Atlanta Falcons vs. New Orleans Saints December 5 1999
553,44-41,44,41,85,3,4,all games,Tennessee Titans vs. Detroit Lions September 23 2012
554,44-38,44,38,82,6,4,all games,Carolina Panthers vs. New Orleans Saints December 30 2012
555,37-29,37,29,66,8,4,all games,Carolina Panthers vs. Green Bay Packers November 8 2015
556,56-7,56,7,63,49,4,all games,Oakland Raiders vs. Houston Oilers December 21 1969
557,25-6,25,6,31,19,4,all games,New England Patriots vs. Buffalo Bills October 29 2018
558,39-10,39,10,49,29,4,all games,Los Angeles Rams vs. San Francisco 49ers October 21 2018
559,41-19,41,19,60,22,4,all games,Detroit Lions vs. Minnesota Vikings December 17 1994
560,19-15,19,15,34,4,4,all games,Washington Redskins vs. Dallas Cowboys September 23 1990
561,30-29,30,29,59,1,4,all games,Tennessee Titans vs. Buffalo Bills December 24 2006
562,18-10,18,10,28,8,4,all games,New York Giants vs. Washington Redskins December 31 2017
563,37-33,37,33,70,4,4,all games,Oakland Raiders vs. Baltimore Ravens September 20 2015
564,25-16,25,16,41,9,4,all games,Minnesota Vikings vs. Jacksonville Jaguars December 11 2016
565,23-23,23,23,46,0,4,all games,Detroit Lions vs. Philadelphia Eagles November 4 1984
566,43-17,43,17,60,26,4,all games,New England Patriots vs. Cincinnati Bengals October 5 2014
567,45-6,45,6,51,39,4,all games,Los Angeles Rams vs. Seattle Seahawks October 31 1976
568,43-7,43,7,50,36,4,all games,Atlanta Falcons vs. Tampa Bay Buccaneers November 17 1991
569,31-18,31,18,49,13,4,all games,Atlanta Falcons vs. Detroit Lions December 22 2012
570,32-6,32,6,38,26,4,all games,Minnesota Vikings vs. Green Bay Packers December 7 1986
571,32-3,32,3,35,29,4,all games,New York Jets vs. Jacksonville Jaguars September 18 2011
572,29-0,29,0,29,29,4,all games,Washington Redskins vs. Seattle Seahawks December 23 1989
573,56-0,56,0,56,56,4,all games,Baltimore Colts vs. Green Bay Packers November 2 1958
574,45-42,45,42,87,3,4,all games,Oakland Raiders vs. Cleveland Browns September 30 2018
575,37-26,37,26,63,11,4,all games,Green Bay Packers vs. Detroit Lions November 22 2007
576,32-13,32,13,45,19,4,all games,Dallas Cowboys vs. Washington Redskins December 10 2000
577,37-30,37,30,67,7,4,all games,Green Bay Packers vs. Carolina Panthers September 27 1998
578,34-22,34,22,56,12,3,all games,Chicago Bears vs. Detroit Lions November 11 2018
579,39-32,39,32,71,7,3,all games,Arizona Cardinals vs. Seattle Seahawks November 15 2015
580,51-0,51,0,51,51,3,all games,Cleveland Browns vs. Pittsburgh Steelers September 10 1989
581,35-22,35,22,57,13,3,all games,Dallas Cowboys vs. San Francisco 49ers November 23 2008
582,48-16,48,16,64,32,3,all games,Carolina Panthers vs. Tampa Bay Buccaneers December 24 2011
583,37-23,37,23,60,14,3,all games,Carolina Panthers vs. Tampa Bay Buccaneers October 4 2015
584,40-6,40,6,46,34,3,all games,Los Angeles Rams vs. New York Giants December 10 1973
585,47-13,47,13,60,34,3,all games,Cleveland Browns vs. Philadelphia Eagles November 24 1968
586,51-45,51,45,96,6,3,all games,Arizona Cardinals vs. Green Bay Packers January 10 2010
587,39-26,39,26,65,13,3,all games,New England Patriots vs. Pittsburgh Steelers November 14 2010
588,59-14,59,14,73,45,3,all games,Oakland Raiders vs. Denver Broncos October 24 2010
589,39-38,39,38,77,1,3,all games,Pittsburgh Steelers vs. Baltimore Ravens December 10 2017
590,15-9,15,9,24,6,3,all games,Pittsburgh Steelers vs. Atlanta Falcons September 12 2010
591,55-24,55,24,79,31,3,all games,New York Giants vs. Green Bay Packers December 20 1986
592,44-23,44,23,67,21,3,all games,New Orleans Saints vs. Green Bay Packers October 26 2014
593,11-7,11,7,18,4,3,all games,New Orleans Saints vs. San Francisco 49ers October 29 1995
594,45-20,45,20,65,25,3,all games,Oakland Raiders vs. New York Jets September 17 2017
595,24-2,24,2,26,22,3,all games,New York Giants vs. Atlanta Falcons January 8 2012
596,36-35,36,35,71,1,3,all games,Tampa Bay Buccaneers vs. Washington Redskins November 13 2005
597,62-7,62,7,69,55,3,all games,New Orleans Saints vs. Indianapolis Colts October 23 2011
598,51-23,51,23,74,28,3,all games,Philadelphia Eagles vs. Denver Broncos November 5 2017
599,38-32,38,32,70,6,3,all games,Atlanta Falcons vs. New Orleans Saints January 1 2017
600,18-0,18,0,18,18,3,all games,Cleveland Browns vs. Cincinnati Bengals November 25 2001
601,40-20,40,20,60,20,3,all games,Cincinnati Bengals vs. Houston Oilers December 23 1990
602,50-17,50,17,67,33,3,all games,Seattle Seahawks vs. Buffalo Bills December 16 2012
603,44-34,44,34,78,10,3,all games,Buffalo Bills vs. Miami Dolphins January 12 1991
604,43-23,43,23,66,20,3,all games,Pittsburgh Steelers vs. Baltimore Ravens November 2 2014
605,52-31,52,31,83,21,3,all games,Carolina Panthers vs. Cincinnati Bengals December 8 2002
606,25-12,25,12,37,13,3,all games,Indianapolis Colts vs. Tampa Bay Buccaneers November 29 2015
607,49-28,49,28,77,21,3,all games,New England Patriots vs. Miami Dolphins October 21 2007
608,52-20,52,20,72,32,3,all games,Denver Broncos vs. Philadelphia Eagles September 29 2013
609,49-27,49,27,76,22,3,all games,Indianapolis Colts vs. Washington Redskins November 30 2014
610,40-28,40,28,68,12,3,all games,Green Bay Packers vs. Chicago Bears December 17 1989
611,38-37,38,37,75,1,3,all games,Detroit Lions vs. Cleveland Browns November 22 2009
612,13-2,13,2,15,11,3,all games,Detroit Lions vs. Minnesota Vikings December 5 1983
613,55-20,55,20,75,35,3,all games,Baltimore Ravens vs. Oakland Raiders November 11 2012
614,25-15,25,15,40,10,3,all games,Baltimore Ravens vs. Cleveland Browns November 4 2012
615,45-41,45,41,86,4,3,all games,Washington Redskins vs. Chicago Bears October 20 2013
616,51-10,51,10,61,41,3,all games,Minnesota Vikings vs. Houston Oilers October 13 1974
617,48-22,48,22,70,26,3,all games,New Orleans Saints vs. Philadelphia Eagles September 20 2009
618,38-26,38,26,64,12,3,all games,Washington Redskins vs. Minnesota Vikings October 14 2012
619,35-25,35,25,60,10,3,all games,Washington Redskins vs. Buffalo Bills December 20 2015
620,48-28,48,28,76,20,3,all games,New York Jets vs. Buffalo Bills September 9 2012
621,51-21,51,21,72,30,3,all games,Los Angeles Rams vs. Green Bay Packers September 21 1980
622,43-28,43,28,71,15,3,all games,Atlanta Falcons vs. Tampa Bay Buccaneers November 3 2016
623,34-18,34,18,52,16,3,all games,Buffalo Bills vs. Jacksonville Jaguars December 2 2012
624,56-14,56,14,70,42,3,all games,Atlanta Falcons vs. Tampa Bay Buccaneers September 18 2014
625,57-0,57,0,57,57,3,all games,Chicago Bears vs. Baltimore Colts November 25 1962
626,45-16,45,16,61,29,3,all games,Buffalo Bills vs. San Francisco 49ers October 16 2016
627,37-9,37,9,46,28,3,all games,Philadelphia Eagles vs. Dallas Cowboys November 19 2017
628,56-20,56,20,76,36,3,all games,Philadelphia Eagles vs. Los Angeles Rams October 7 1950
629,51-17,51,17,68,34,3,all games,Los Angeles Rams vs. New York Giants November 5 2017
630,48-24,48,24,72,24,3,all games,Chicago Bears vs. Detroit Lions October 4 2009
631,32-25,32,25,57,7,3,all games,Arizona Cardinals vs. Philadelphia Eagles January 18 2009
632,55-7,55,7,62,48,3,all games,Green Bay Packers vs. Tennessee Titans December 23 2012
633,52-0,52,0,52,52,3,all games,St. Louis Rams vs. Oakland Raiders November 30 2014
634,55-21,55,21,76,34,3,all games,Indianapolis Colts vs. New Orleans Saints September 28 2003
635,39-17,39,17,56,22,3,all games,Philadelphia Eagles vs. New Orleans Saints October 11 2015
636,49-13,49,13,62,36,3,all games,Washington Redskins vs. New York Giants September 28 1975
637,40-3,40,3,43,37,3,all games,Green Bay Packers vs. Chicago Bears December 11 1994
638,52-17,52,17,69,35,3,all games,Washington Redskins vs. San Francisco 49ers October 23 2005
639,20-8,20,8,28,12,3,all games,Dallas Cowboys vs. New York Giants December 14 2008
640,39-7,39,7,46,32,3,all games,Houston Oilers vs. Miami Dolphins October 1 1989
641,40-0,40,0,40,40,3,all games,Baltimore Ravens vs. Miami Dolphins October 26 2017
642,40-32,40,32,72,8,3,all games,New England Patriots vs. Buffalo Bills September 20 2015
643,7-2,7,2,9,5,3,all games,New England Patriots vs. Cincinnati Bengals December 12 1993
644,48-27,48,27,75,21,3,all games,New Orleans Saints vs. New York Giants October 18 2009
645,50-21,50,21,71,29,3,all games,Washington Redskins vs. New York Giants September 19 1999
646,49-26,49,26,75,23,3,all games,New England Patriots vs. Oakland Raiders December 14 2008
647,41-33,41,33,74,8,3,all games,Philadelphia Eagles vs. New England Patriots February 4 2018
648,43-35,43,35,78,8,3,all games,Philadelphia Eagles vs. Los Angeles Rams December 10 2017
649,39-35,39,35,74,4,3,all games,Detroit Lions vs. Indianapolis Colts September 11 2016
650,15-6,15,6,21,9,3,all games,Philadelphia Eagles vs. Pittsburgh Steelers September 21 2008
651,5-0,5,0,5,5,3,all games,Buffalo Bills vs. Cincinnati Bengals October 22 1978
652,21-11,21,11,32,10,3,all games,New England Patriots vs. Buffalo Bills November 11 2001
653,44-28,44,28,72,16,3,all games,Cincinnati Bengals vs. Cleveland Browns December 12 1999
654,48-13,48,13,61,35,3,all games,Denver Broncos vs. Tampa Bay Buccaneers November 7 1976
655,39-14,39,14,53,25,3,all games,Chicago Bears vs. New Orleans Saints January 21 2007
656,37-36,37,36,73,1,3,all games,Cincinnati Bengals vs. Atlanta Falcons September 30 2018
657,42-37,42,37,79,5,3,all games,Kansas City Chiefs vs. Pittsburgh Steelers September 16 2018
658,49-24,49,24,73,25,3,all games,New Orleans Saints vs. New York Giants November 28 2011
659,23-8,23,8,31,15,3,all games,Oakland Raiders vs. Kansas City Chiefs September 14 2008
660,42-19,42,19,61,23,3,all games,New York Giants vs. Arizona Cardinals September 11 2005
661,14-11,14,11,25,3,3,all games,Washington Redskins vs. Cleveland Browns October 19 2008
662,43-13,43,13,56,30,3,all games,Houston Texans vs. Baltimore Ravens October 21 2012
663,39-31,39,31,70,8,3,all games,Detroit Lions vs. Dallas Cowboys December 31 2006
664,52-10,52,10,62,42,3,all games,Philadelphia Eagles vs. St. Louis Cardinals November 8 1981
665,16-16,16,16,32,0,3,all games,Cleveland Browns vs. San Diego Chargers October 28 1973
666,33-22,33,22,55,11,3,all games,Green Bay Packers vs. Kansas City Chiefs November 4 2007
667,35-8,35,8,43,27,3,all games,Miami Dolphins vs. Buffalo Bills November 20 2011
668,36-13,36,13,49,23,3,all games,Minnesota Vikings vs. Tampa Bay Buccaneers October 30 1994
669,40-16,40,16,56,24,3,all games,Minnesota Vikings vs. San Francisco 49ers October 24 1999
670,32-16,32,16,48,16,3,all games,Los Angeles Rams vs. Arizona Cardinals December 3 2017
671,44-27,44,27,71,17,3,all games,New York Giants vs. Indianapolis Colts December 22 2002
672,37-15,37,15,52,22,2,all games,Atlanta Falcons vs. St. Louis Rams November 1 1998
673,29-18,29,18,47,11,2,all games,Atlanta Falcons vs. Arizona Cardinals November 30 2014
674,33-32,33,32,65,1,2,all games,Atlanta Falcons vs. Green Bay Packers October 30 2016
675,55-0,55,0,55,55,2,all games,Houston Oilers vs. Oakland Raiders September 9 1961
676,44-16,44,16,60,28,2,all games,Carolina Panthers vs. Washington Redskins November 22 2015
677,42-32,42,32,74,10,2,all games,Tampa Bay Buccaneers vs. Oakland Raiders November 4 2012
678,38-22,38,22,60,16,2,all games,Carolina Panthers vs. San Francisco 49ers September 10 2000
679,56-21,56,21,77,35,2,all games,Philadelphia Eagles vs. Detroit Lions September 23 2007
680,3-2,3,2,5,1,2,all games,Chicago Cardinals vs. Milwaukee Badgers October 24 1926
681,52-7,52,7,59,45,2,all games,New England Patriots vs. Washington Redskins October 28 2007
682,49-37,49,37,86,12,2,all games,St. Louis Rams vs. Minnesota Vikings January 16 2000
683,41-22,41,22,63,19,2,all games,Miami Dolphins vs. St. Louis Rams December 24 1995
684,33-26,33,26,59,7,2,all games,Minnesota Vikings vs. Washington Redskins December 24 2011
685,39-36,39,36,75,3,2,all games,Denver Broncos vs. Miami Dolphins November 23 2014
686,35-11,35,11,46,24,2,all games,Detroit Lions vs. Green Bay Packers December 31 2017
687,36-24,36,24,60,12,2,all games,Green Bay Packers vs. Los Angeles Rams September 9 1990
688,32-24,32,24,56,8,2,all games,Philadelphia Eagles vs. Minnesota Vikings October 15 1990
689,44-26,44,26,70,18,2,all games,Miami Dolphins vs. Houston Texans October 25 2015
690,49-20,49,20,69,29,2,all games,Philadelphia Eagles vs. Oakland Raiders November 3 2013
691,48-26,48,26,74,22,2,all games,Los Angeles Rams vs. San Francisco 49ers October 5 1980
692,37-32,37,32,69,5,2,all games,Los Angeles Rams vs. Tampa Bay Buccaneers September 25 2016
693,40-33,40,33,73,7,2,all games,New Orleans Saints vs. Houston Texans September 25 2011
694,52-28,52,28,80,24,2,all games,New England Patriots vs. Buffalo Bills September 30 2012
695,49-3,49,3,52,46,2,all games,New York Giants vs. San Francisco 49ers January 4 1987
696,30-8,30,8,38,22,2,all games,New York Jets vs. Tennessee Titans December 13 2015
697,52-24,52,24,76,28,2,all games,Pittsburgh Steelers vs. San Diego Chargers November 25 1984
698,39-3,39,3,42,36,2,all games,San Diego Chargers vs. New York Jets October 14 1990
699,51-24,51,24,75,27,2,all games,Indianapolis Colts vs. Tennessee Titans December 5 2004
700,47-34,47,34,81,13,2,all games,Buffalo Bills vs. Miami Dolphins December 19 1993
701,16-8,16,8,24,8,2,all games,Carolina Panthers vs. Dallas Cowboys September 9 2018
702,46-10,46,10,56,36,2,all games,Chicago Bears vs. New England Patriots January 26 1986
703,28-8,28,8,36,20,2,all games,Kansas City Chiefs vs. Oakland Raiders September 6 1998
704,45-37,45,37,82,8,2,all games,Indianapolis Colts vs. Cincinnati Bengals November 20 2005
705,61-7,61,7,68,54,2,all games,Cincinnati Bengals vs. Houston Oilers December 17 1989
706,35-18,35,18,53,17,2,all games,Green Bay Packers vs. Washington Redskins January 10 2016
707,48-41,48,41,89,7,2,all games,New Orleans Saints vs. Arizona Cardinals December 18 2016
708,58-20,58,20,78,38,2,all games,Baltimore Colts vs. Buffalo Bills December 12 1976
709,51-27,51,27,78,24,2,all games,Indianapolis Colts vs. Houston Oilers November 29 1987
710,36-34,36,34,70,2,2,all games,San Francisco 49ers vs. Denver Broncos September 23 1973
711,48-19,48,19,67,29,2,all games,Arizona Cardinals vs. St. Louis Rams December 30 2007
712,41-37,41,37,78,4,2,all games,Dallas Cowboys vs. Philadelphia Eagles September 15 2008
713,50-34,50,34,84,16,2,all games,San Diego Chargers vs. Cincinnati Bengals December 20 1982
714,49-35,49,35,84,14,2,all games,Detroit Lions vs. Carolina Panthers November 20 2011
715,12-8,12,8,20,4,2,all games,Tennessee Oilers vs. Baltimore Ravens October 11 1998
716,45-19,45,19,64,26,2,all games,Philadelphia Eagles vs. New York Jets December 18 2011
717,19-18,19,18,37,1,2,all games,Tampa Bay Buccaneers vs. Arizona Cardinals September 28 1997
718,52-49,52,49,101,3,2,all games,New Orleans Saints vs. New York Giants November 1 2015
719,32-18,32,18,50,14,2,all games,New York Giants vs. Tampa Bay Buccaneers November 8 2015
720,31-8,31,8,39,23,2,all games,Baltimore Ravens vs. New Orleans Saints December 19 1999
721,14-5,14,5,19,9,2,all games,Tampa Bay Buccaneers vs. Seattle Seahawks November 27 2016
722,39-28,39,28,67,11,2,all games,Atlanta Falcons vs. Dallas Cowboys September 27 2015
723,33-23,33,23,56,10,2,all games,Cincinnati Bengals vs. Jacksonville Jaguars November 2 2014
724,51-3,51,3,54,48,2,all games,Buffalo Bills vs. Los Angeles Raiders January 20 1991
725,53-7,53,7,60,46,2,all games,San Diego Chargers vs. New York Jets November 2 1963
726,52-35,52,35,87,17,2,all games,Chicago Bears vs. Minnesota Vikings December 17 1961
727,44-9,44,9,53,35,2,all games,Kansas City Chiefs vs. San Francisco 49ers November 30 1997
728,40-23,40,23,63,17,2,all games,Chicago Bears vs. Pittsburgh Steelers September 22 2013
729,45-12,45,12,57,33,2,all games,New York Giants vs. Washington Redskins December 21 2009
730,30-18,30,18,48,12,2,all games,Indianapolis Colts vs. Detroit Lions October 29 2000
731,25-3,25,3,28,22,2,all games,Indianapolis Colts vs. Houston Texans December 15 2013
732,43-21,43,21,64,22,2,all games,New England Patriots vs. Denver Broncos November 2 2014
733,40-37,40,37,77,3,2,all games,New York Jets vs. Miami Dolphins October 23 2000
734,31-2,31,2,33,29,2,all games,Dallas Cowboys vs. New York Giants September 19 1965
735,6-2,6,2,8,4,2,all games,Dallas Cowboys vs. Cleveland Browns December 12 1970
736,40-38,40,38,78,2,2,all games,Los Angeles Raiders vs. Dallas Cowboys October 23 1983
737,51-48,51,48,99,3,2,all games,Denver Broncos vs. Dallas Cowboys October 6 2013
738,11-3,11,3,14,8,2,all games,Minnesota Vikings vs. Green Bay Packers September 30 1973
739,56-3,56,3,59,53,2,all games,New England Patriots vs. New York Jets September 9 1979
740,52-9,52,9,61,43,2,all games,Oakland Raiders vs. Carolina Panthers December 24 2000
741,42-41,42,41,83,1,2,all games,Kansas City Chiefs vs. San Diego Chargers October 19 1986
742,48-30,48,30,78,18,2,all games,Minnesota Vikings vs. Philadelphia Eagles December 15 2013
743,17-5,17,5,22,12,2,all games,Philadelphia Eagles vs. Phoenix Cardinals October 15 1989
744,29-9,29,9,38,20,2,all games,Pittsburgh Steelers vs. Cleveland Browns January 7 1995
745,45-29,45,29,74,16,2,all games,St. Louis Rams vs. Atlanta Falcons October 15 2000
746,47-3,47,3,50,44,2,all games,Baltimore Ravens vs. Buffalo Bills September 9 2018
747,37-19,37,19,56,18,2,all games,Pittsburgh Steelers vs. Carolina Panthers September 21 2014
748,34-34,34,34,68,0,2,all games,Atlanta Falcons vs. Pittsburgh Steelers November 10 2002
749,22-5,22,5,27,17,2,all games,Seattle Seahawks vs. Cleveland Browns November 14 1993
750,50-14,50,14,64,36,2,all games,San Francisco 49ers vs. Arizona Cardinals December 7 2003
751,47-41,47,41,88,6,2,all games,Buffalo Bills vs. Houston Oilers September 24 1989
752,21-15,21,15,36,6,2,all games,Green Bay Packers vs. Chicago Bears September 13 2009
753,18-3,18,3,21,15,2,all games,Pittsburgh Steelers vs. Minnesota Vikings December 18 2005
754,47-25,47,25,72,22,2,all games,Tennessee Titans vs. Green Bay Packers November 13 2016
755,44-30,44,30,74,14,2,all games,Cincinnati Bengals vs. San Francisco 49ers December 5 1999
756,37-8,37,8,45,29,2,all games,Cincinnati Bengals vs. Minnesota Vikings September 18 2005
757,38-25,38,25,63,13,2,all games,Green Bay Packers vs. Minnesota Vikings December 24 2016
758,62-14,62,14,76,48,2,all games,Cleveland Browns vs. New York Giants December 6 1953
759,9-5,9,5,14,4,2,all games,Indianapolis Colts vs. New York Jets November 11 1984
760,60-0,60,0,60,60,2,all games,Chicago Cardinals vs. Rochester Jeffersons October 7 1923
761,38-8,38,8,46,30,2,all games,Arizona Cardinals vs. Green Bay Packers December 27 2015
762,46-21,46,21,67,25,2,all games,Dallas Cowboys vs. St. Louis Cardinals November 23 1967
763,34-32,34,32,66,2,2,all games,Denver Broncos vs. New Orleans Saints September 21 2008
764,23-2,23,2,25,21,2,all games,Detroit Lions vs. Los Angeles Rams September 14 1963
765,13-11,13,11,24,2,2,all games,Detroit Lions vs. Philadelphia Eagles November 16 1986
766,37-25,37,25,62,12,2,all games,Detroit Lions vs. Washington Redskins October 31 2010
767,12-12,12,12,24,0,2,all games,Green Bay Packers vs. Chicago Bears September 30 1928
768,44-31,44,31,75,13,2,all games,Green Bay Packers vs. Minnesota Vikings October 27 2013
769,29-15,29,15,44,14,2,all games,New York Jets vs. Indianapolis Colts December 27 2009
770,49-6,49,6,55,43,2,all games,New York Giants vs. St. Louis Cardinals December 7 1969
771,29-25,29,25,54,4,2,all games,New Orleans Saints vs. Atlanta Falcons December 7 2008
772,26-8,26,8,34,18,2,all games,Miami Dolphins vs. Baltimore Colts October 29 1978
773,30-25,30,25,55,5,2,all games,Miami Dolphins vs. New York Jets November 1 2009
774,47-21,47,21,68,26,2,all games,New England Patriots vs. Baltimore Colts November 23 1980
775,53-0,53,0,53,53,2,all games,New York Giants vs. Washington Redskins November 5 1961
776,16-11,16,11,27,5,2,all games,Tampa Bay Buccaneers vs. New Orleans Saints December 11 2016
777,42-33,42,33,75,9,2,all games,Houston Oilers vs. Denver Broncos November 26 1995
778,41-36,41,36,77,5,2,all games,Seattle Seahawks vs. New Orleans Saints January 8 2011
779,30-30,30,30,60,0,2,all games,Chicago Bears vs. San Francisco 49ers November 13 1966
780,8-5,8,5,13,3,1,all games,Atlanta Falcons vs. Los Angeles Rams October 2 1994
781,45-33,45,33,78,12,1,all games,Buffalo Bills vs. New Orleans Saints December 27 1998
782,49-15,49,15,64,34,1,all games,Carolina Panthers vs. Arizona Cardinals January 24 2016
783,20-2,20,2,22,18,1,all games,Chicago Bears vs. Cleveland Rams October 10 1937
784,73-0,73,0,73,73,1,all games,Chicago Bears vs. Washington Redskins December 8 1940
785,56-23,56,23,79,33,1,all games,Cincinnati Bengals vs. Tampa Bay Buccaneers October 29 1989
786,42-29,42,29,71,13,1,all games,Cincinnati Bengals vs. Baltimore Ravens November 27 2005
787,62-3,62,3,65,59,1,all games,Cleveland Browns vs. Washington Redskins November 7 1954
788,45-26,45,26,71,19,1,all games,Baltimore Colts vs. Los Angeles Rams December 12 1959
789,52-19,52,19,71,33,1,all games,Baltimore Colts vs. New York Jets November 16 1975
790,47-6,47,6,53,41,1,all games,Indianapolis Colts vs. Buffalo Bills October 4 1987
791,37-5,37,5,42,32,1,all games,Indianapolis Colts vs. Buffalo Bills October 21 2018
792,65-20,65,20,85,45,1,all games,Chicago Cardinals vs. New York Bulldogs November 13 1949
793,33-33,33,33,66,0,1,all games,Cleveland Browns vs. St. Louis Cardinals September 20 1964
794,40-11,40,11,51,29,1,all games,Arizona Cardinals vs. Indianapolis Colts November 24 2013
795,59-13,59,13,72,46,1,all games,Dallas Cowboys vs. Detroit Lions September 15 1968
796,43-39,43,39,82,4,1,all games,Dallas Cowboys vs. Seattle Seahawks December 6 2004
797,38-38,38,38,76,0,1,all games,Buffalo Bills vs. Denver Broncos November 27 1960
798,40-27,40,27,67,13,1,all games,Detroit Lions vs. Denver Broncos November 22 1990
799,54-0,54,0,54,54,1,all games,Frankford Yellow Jackets vs. Buffalo Bisons October 15 1927
800,9-2,9,2,11,7,1,all games,Green Bay Packers vs. Chicago Cardinals October 6 1929
801,32-27,32,27,59,5,1,all games,Green Bay Packers vs. New Orleans Saints November 7 1976
802,48-25,48,25,73,23,1,all games,Green Bay Packers vs. Detroit Lions September 14 2008
803,46-16,46,16,62,30,1,all games,Green Bay Packers vs. Oakland Raiders December 11 2011
804,53-20,53,20,73,33,1,all games,Green Bay Packers vs. Philadelphia Eagles November 16 2014
805,49-11,49,11,60,38,1,all games,Jacksonville Jaguars vs. Oakland Raiders December 23 2007
806,59-7,59,7,66,52,1,all games,Kansas City Chiefs vs. Denver Broncos September 7 1963
807,34-2,34,2,36,32,1,all games,Kansas City Chiefs vs. Denver Broncos September 22 1968
808,54-34,54,34,88,20,1,all games,Kansas City Chiefs vs. St. Louis Rams October 22 2000
809,49-10,49,10,59,39,1,all games,Kansas City Chiefs vs. St. Louis Rams December 8 2002
810,56-31,56,31,87,25,1,all games,Kansas City Chiefs vs. Oakland Raiders December 15 2013
811,39-24,39,24,63,15,1,all games,Miami Dolphins vs. New England Patriots November 29 1979
812,46-36,46,36,82,10,1,all games,Minnesota Vikings vs. Dallas Cowboys November 26 1998
813,33-29,33,29,62,4,1,all games,Boston Patriots vs. Denver Broncos November 11 1962
814,42-15,42,15,57,27,1,all games,New England Patriots vs. Cleveland Browns December 5 2004
815,43-22,43,22,65,21,1,all games,New England Patriots vs. Indianapolis Colts January 11 2014
816,19-8,19,8,27,11,1,all games,New York Yankees vs. Buffalo Bisons October 12 1927
817,49-34,49,34,83,15,1,all games,New York Giants vs. Washington Redskins October 28 1962
818,39-20,39,20,59,19,1,all games,New York Giants vs. Denver Broncos January 25 1987
819,52-27,52,27,79,25,1,all games,New York Giants vs. New Orleans Saints December 9 2012
820,47-31,47,31,78,16,1,all games,New York Jets vs. Boston Patriots September 22 1968
821,26-11,26,11,37,15,1,all games,New York Jets vs. Houston Texans November 26 2006
822,49-33,49,33,82,16,1,all games,Houston Oilers vs. San Diego Chargers December 19 1971
823,64-0,64,0,64,64,1,all games,Philadelphia Eagles vs. Cincinnati Reds November 6 1934
824,32-30,32,30,62,2,1,all games,Philadelphia Eagles vs. Cleveland Browns November 10 1991
825,40-18,40,18,58,22,1,all games,Philadelphia Eagles vs. Dallas Cowboys September 30 2001
826,59-28,59,28,87,31,1,all games,Philadelphia Eagles vs. Washington Redskins November 15 2010
827,55-27,55,27,82,28,1,all games,Pittsburgh Steelers vs. Cleveland Browns October 17 1954
828,57-33,57,33,90,24,1,all games,Pittsburgh Steelers vs. Atlanta Falcons December 18 1966
829,43-18,43,18,61,25,1,all games,Pittsburgh Steelers vs. San Francisco 49ers September 20 2015
830,44-22,44,22,66,22,1,all games,Oakland Raiders vs. Kansas City Chiefs November 23 1967
831,41-26,41,26,67,15,1,all games,Oakland Raiders vs. New England Patriots December 1 1974
832,44-37,44,37,81,7,1,all games,Los Angeles Raiders vs. San Diego Chargers October 21 1984
833,52-37,52,37,89,15,1,all games,Los Angeles Rams vs. New York Giants November 14 1948
834,54-14,54,14,68,40,1,all games,Los Angeles Rams vs. New York Yanks September 28 1951
835,59-16,59,16,75,43,1,all games,St. Louis Rams vs. Atlanta Falcons November 10 1996
836,57-31,57,31,88,26,1,all games,St. Louis Rams vs. San Diego Chargers October 1 2000
837,54-51,54,51,105,3,1,all games,Los Angeles Rams vs. Kansas City Chiefs November 19 2018
838,50-43,50,43,93,7,1,all games,Los Angeles Chargers vs. New York Titans December 18 1960
839,45-23,45,23,68,22,1,all games,San Diego Chargers vs. New York Giants September 25 2005
840,47-24,47,24,71,23,1,all games,Seattle Seahawks vs. Cleveland Browns December 3 1978
841,42-30,42,30,72,12,1,all games,Seattle Seahawks vs. New York Giants September 24 2006
842,43-8,43,8,51,35,1,all games,Seattle Seahawks vs. Denver Broncos February 2 2014
843,46-18,46,18,64,28,1,all games,Seattle Seahawks vs. Indianapolis Colts October 1 2017
844,37-2,37,2,39,35,1,all games,San Francisco 49ers vs. New Orleans Saints October 1 1972
845,55-17,55,17,72,38,1,all games,San Francisco 49ers vs. Detroit Lions December 19 1993
846,28-11,28,11,39,17,1,all games,San Francisco 49ers vs. St. Louis Rams October 6 1996
847,10-5,10,5,15,5,1,all games,Tampa Bay Buccaneers vs. Buffalo Bills December 4 1988
848,7-5,7,5,12,2,1,all games,Washington Redskins vs. Detroit Lions October 16 1938
849,38-12,38,12,50,26,1,all games,Washington Redskins vs. New York Giants October 11 1987
850,48-31,48,31,79,17,1,all games,Atlanta Falcons vs. Chicago Bears November 16 1969
851,22-12,22,12,34,10,1,all games,Buffalo Bills vs. Houston Oilers October 8 1961
852,58-24,58,24,82,34,1,all games,Buffalo Bills vs. Miami Dolphins September 18 1966
853,45-39,45,39,84,6,1,all games,Buffalo Bills vs. Minnesota Vikings September 15 2002
854,44-11,44,11,55,33,1,all games,Carolina Panthers vs. Atlanta Falcons January 1 2006
855,46-27,46,27,73,19,1,all games,Carolina Panthers vs. San Francisco 49ers September 18 2016
856,51-20,51,20,71,31,1,all games,Chicago Bears vs. Tennessee Titans November 4 2012
857,66-14,66,14,80,52,1,all games,Cleveland Browns vs. Brooklyn Dodgers December 8 1946
858,61-14,61,14,75,47,1,all games,Cleveland Browns vs. Los Angeles Dons October 14 1949
859,42-26,42,26,68,16,1,all games,Indianapolis Colts vs. Buffalo Bills September 23 2001
860,39-33,39,33,72,6,1,all games,Indianapolis Colts vs. Denver Broncos October 20 2013
861,63-35,63,35,98,28,1,all games,Chicago Cardinals vs. New York Giants October 17 1948
862,55-13,55,13,68,42,1,all games,Chicago Cardinals vs. Baltimore Colts October 2 1950
863,40-15,40,15,55,25,1,all games,Dallas Cowboys vs. Minnesota Vikings December 28 1996
864,49-29,49,29,78,20,1,all games,Denver Broncos vs. Kansas City Chiefs November 14 2010
865,10-2,10,2,12,8,1,all games,Duluth Eskimos vs. Canton Bulldogs November 21 1926
866,57-21,57,21,78,36,1,all games,Green Bay Packers vs. Detroit Lions October 7 1945
867,48-47,48,47,95,1,1,all games,Green Bay Packers vs. Washington Redskins October 17 1983
868,36-26,36,26,62,10,1,all games,Jacksonville Jaguars vs. Buffalo Bills October 10 2010
869,42-22,42,22,64,20,1,all games,Kansas City Chiefs vs. Cincinnati Bengals October 26 1969
870,40-39,40,39,79,1,1,all games,Kansas City Chiefs vs. Cleveland Browns September 8 2002
871,38-5,38,5,43,33,1,all games,Kansas City Chiefs vs. Buffalo Bills October 26 2003
872,46-13,46,13,59,33,1,all games,Miami Dolphins vs. Chicago Bears November 2 1975
873,36-27,36,27,63,9,1,all games,Miami Dolphins vs. New York Jets September 15 1996
874,17-8,17,8,25,9,1,all games,Milwaukee Badgers vs. Chicago Cardinals November 2 1924
875,43-3,43,3,46,40,1,all games,Minnesota Vikings vs. Dallas Cowboys November 13 1988
876,51-42,51,42,93,9,1,all games,New Orleans Saints vs. St. Louis Cardinals November 2 1969
877,51-29,51,29,80,22,1,all games,New Orleans Saints vs. Green Bay Packers November 24 2008
878,46-28,46,28,74,18,1,all games,Boston Patriots vs. Houston Oilers December 8 1963
879,59-24,59,24,83,35,1,all games,New England Patriots vs. Indianapolis Colts November 18 2012
880,41-25,41,25,66,16,1,all games,New England Patriots vs. Buffalo Bills October 30 2016
881,19-19,19,19,38,0,1,all games,Detroit Wolverines vs. New York Giants November 11 1928
882,42-40,42,40,82,2,1,all games,New York Giants vs. Green Bay Packers September 19 1971
883,41-29,41,29,70,12,1,all games,New York Jets vs. San Diego Chargers September 4 1983
884,56-35,56,35,91,21,1,all games,New York Jets vs. Arizona Cardinals September 28 2008
885,45-25,45,25,70,20,1,all games,Houston Oilers vs. Denver Broncos November 6 1960
886,24-8,24,8,32,16,1,all games,Houston Oilers vs. Detroit Lions October 26 1975
887,47-36,47,36,83,11,1,all games,Tennessee Titans vs. Pittsburgh Steelers January 2 2000
888,49-25,49,25,74,24,1,all games,Philadelphia Eagles vs. Boston Yanks October 6 1946
889,40-8,40,8,48,32,1,all games,Philadelphia Eagles vs. San Francisco 49ers October 2 1994
890,36-3,36,3,39,33,1,all games,Philadelphia Eagles vs. Dallas Cowboys November 18 2001
891,54-11,54,11,65,43,1,all games,Philadelphia Eagles vs. Chicago Bears December 22 2013
892,27-2,27,2,29,25,1,all games,Pittsburgh Steelers vs. Chicago Cardinals December 22 1957
893,32-9,32,9,41,23,1,all games,Pittsburgh Steelers vs. Houston Oilers November 24 1975
894,39-21,39,21,60,18,1,all games,Pittsburgh Steelers vs. Denver Broncos October 23 1988
895,21-2,21,2,23,19,1,all games,Providence Steam Roller vs. Canton Bulldogs November 11 1926
896,38-29,38,29,67,9,1,all games,Oakland Raiders vs. New York Jets December 17 1967
897,49-16,49,16,65,33,1,all games,Oakland Raiders vs. Tampa Bay Buccaneers November 28 1976
898,52-25,52,25,77,27,1,all games,Oakland Raiders vs. Tennessee Titans September 29 2002
899,53-27,53,27,80,26,1,all games,Los Angeles Rams vs. Washington Redskins December 11 1949
900,45-2,45,2,47,43,1,all games,Los Angeles Rams vs. Baltimore Colts December 5 1953
901,41-30,41,30,71,11,1,all games,Los Angeles Rams vs. San Francisco 49ers November 9 1969
902,43-12,43,12,55,31,1,all games,St. Louis Rams vs. New Orleans Saints November 28 1999
903,40-29,40,29,69,11,1,all games,St. Louis Rams vs. Minnesota Vikings December 10 2000
904,47-23,47,23,70,24,1,all games,San Diego Chargers vs. Denver Broncos December 1 1968
905,49-41,49,41,90,8,1,all games,San Diego Chargers vs. Cincinnati Bengals November 12 2006
906,47-30,47,30,77,17,1,all games,Seattle Seahawks vs. Jacksonville Jaguars November 12 1995
907,36-18,36,18,54,18,1,all games,Seattle Seahawks vs. Arizona Cardinals November 14 2010
908,36-16,36,16,52,20,1,all games,Seattle Seahawks vs. Green Bay Packers September 4 2014
909,63-40,63,40,103,23,1,all games,San Francisco 49ers vs. Brooklyn Dodgers November 21 1948
910,44-3,44,3,47,41,1,all games,San Francisco 49ers vs. New York Giants January 15 1994
911,13-8,13,8,21,5,1,all games,San Francisco 49ers vs. Cincinnati Bengals September 25 2011
912,62-0,62,0,62,62,1,all games,Akron Pros vs. Oorang Indians October 29 1922
913,19-5,19,5,24,14,1,all games,Tampa Bay Buccaneers vs. Philadelphia Eagles September 19 1999
914,59-21,59,21,80,38,1,all games,Washington Redskins vs. Boston Yanks October 31 1948
915,46-6,46,6,52,40,1,all games,Atlanta Falcons vs. Chicago Bears October 14 1973
916,39-34,39,34,73,5,1,all games,Atlanta Falcons vs. San Francisco 49ers October 13 1991
917,36-15,36,15,51,21,1,all games,Atlanta Falcons vs. Detroit Lions December 22 2002
918,45-32,45,32,77,13,1,all games,Atlanta Falcons vs. New Orleans Saints September 26 2016
919,46-31,46,31,77,15,1,all games,Buffalo Bills vs. New York Jets September 23 1979
920,34-11,34,11,45,23,1,all games,Buffalo Bills vs. Indianapolis Colts November 22 1998
921,54-31,54,31,85,23,1,all games,Buffalo Bills vs. Kansas City Chiefs November 23 2008
922,61-20,61,20,81,41,1,all games,Chicago Bears vs. San Francisco 49ers December 12 1965
923,53-10,53,10,63,43,1,all games,Cleveland Bulldogs vs. Milwaukee Badgers November 27 1924
924,61-17,61,17,78,44,1,all games,Cincinnati Bengals vs. Houston Oilers December 17 1972
925,50-24,50,24,74,26,1,all games,Cincinnati Bengals vs. Dallas Cowboys December 8 1985
926,58-48,58,48,106,10,1,all games,Cincinnati Bengals vs. Cleveland Browns November 28 2004
927,49-9,49,9,58,40,1,all games,Cincinnati Bengals vs. New York Jets October 27 2013
928,35-2,35,2,37,33,1,all games,Cleveland Browns vs. Chicago Hornets November 6 1949
929,49-40,49,40,89,9,1,all games,Cleveland Browns vs. New York Giants December 4 1966
930,51-38,51,38,89,13,1,all games,Baltimore Colts vs. Chicago Bears October 4 1958
931,10-8,10,8,18,2,1,all games,Baltimore Colts vs. New York Jets October 7 1979
932,55-23,55,23,78,32,1,all games,Indianapolis Colts vs. Denver Broncos October 31 1988
933,53-14,53,14,67,39,1,all games,Chicago Cardinals vs. Chicago Bears November 27 1955
934,40-30,40,30,70,10,1,all games,St. Louis Cardinals vs. Washington Redskins September 20 1981
935,34-8,34,8,42,26,1,all games,Denver Broncos vs. New England Patriots November 17 1996
936,22-8,22,8,30,14,1,all games,Denver Broncos vs. Oakland Raiders November 30 2003
937,26-12,26,12,38,14,1,all games,Detroit Lions vs. Arizona Cardinals December 5 2004
938,5-3,5,3,8,2,1,all games,Frankford Yellow Jackets vs. New York Giants October 17 1925
939,43-6,43,6,49,37,1,all games,Green Bay Packers vs. Evansville Crimson Giants November 6 1921
940,50-7,50,7,57,43,1,all games,Green Bay Packers vs. Detroit Lions November 24 1940
941,43-10,43,10,53,33,1,all games,Green Bay Packers vs. Detroit Lions October 6 1985
942,39-13,39,13,52,26,1,all games,Green Bay Packers vs. Philadelphia Eagles September 9 1996
943,52-3,52,3,55,49,1,all games,Green Bay Packers vs. New Orleans Saints October 9 2005
944,24-5,24,5,29,19,1,all games,Houston Texans vs. Chicago Bears December 19 2004
945,24-11,24,11,35,13,1,all games,Jacksonville Jaguars vs. Cincinnati Bengals November 8 1998
946,51-16,51,16,67,35,1,all games,Jacksonville Jaguars vs. Indianapolis Colts December 13 2015
947,49-39,49,39,88,10,1,all games,Kansas City Chiefs vs. Denver Broncos November 1 1964
948,49-38,49,38,87,11,1,all games,Kansas City Chiefs vs. Tennessee Titans December 13 2004
949,50-10,50,10,60,40,1,all games,Minnesota Vikings vs. Jacksonville Jaguars December 20 1998
950,26-26,26,26,52,0,1,all games,Green Bay Packers vs. Minnesota Vikings November 24 2013
951,43-38,43,38,81,5,1,all games,New Orleans Saints vs. San Francisco 49ers November 23 1969
952,52-38,52,38,90,14,1,all games,New Orleans Saints vs. Detroit Lions October 15 2017
953,46-38,46,38,84,8,1,all games,New England Patriots vs. Baltimore Ravens October 6 1996
954,49-19,49,19,68,30,1,all games,New England Patriots vs. New York Jets November 22 2012
955,33-8,33,8,41,25,1,all games,New England Patriots vs. Oakland Raiders November 19 2017
956,62-10,62,10,72,52,1,all games,New York Giants vs. Philadelphia Eagles November 26 1972
957,46-45,46,45,91,1,1,all games,New York Titans vs. Denver Broncos November 22 1962
958,62-28,62,28,90,34,1,all games,New York Jets vs. Tampa Bay Buccaneers November 17 1985
959,47-16,47,16,63,31,1,all games,Houston Oilers vs. Oakland Raiders December 17 1961
960,58-14,58,14,72,44,1,all games,Houston Oilers vs. Cleveland Browns December 9 1990
961,58-37,58,37,95,21,1,all games,Philadelphia Eagles vs. Detroit Lions December 30 1995
962,40-26,40,26,66,14,1,all games,Philadelphia Eagles vs. San Francisco 49ers October 12 2008
963,34-5,34,5,39,29,1,all games,Pittsburgh Steelers vs. Houston Oilers January 7 1979
964,11-10,11,10,21,1,1,all games,Pittsburgh Steelers vs. San Diego Chargers November 16 2008
965,10-4,10,4,14,6,1,all games,Racine Legion vs. Chicago Cardinals November 25 1923
966,48-6,48,6,54,42,1,all games,Oakland Raiders vs. Buffalo Bills September 15 1968
967,50-19,50,19,69,31,1,all games,Oakland Raiders vs. Atlanta Falcons October 14 1979
968,40-35,40,35,75,5,1,all games,Oakland Raiders vs. Tennessee Titans December 19 2004
969,70-27,70,27,97,43,1,all games,Los Angeles Rams vs. Baltimore Colts October 22 1950
970,42-38,42,38,80,4,1,all games,Los Angeles Rams vs. Chicago Bears October 24 1954
971,11-6,11,6,17,5,1,all games,St. Louis Rams vs. Tampa Bay Buccaneers January 23 2000
972,46-9,46,9,55,37,1,all games,Los Angeles Rams vs. Indianapolis Colts September 10 2017
973,39-27,39,27,66,12,1,all games,Baltimore Ravens vs. Indianapolis Colts December 2 2001
974,54-44,54,44,98,10,1,all games,San Diego Chargers vs. Pittsburgh Steelers December 8 1985
975,48-29,48,29,77,19,1,all games,San Diego Chargers vs. New York Jets September 22 2008
976,22-15,22,15,37,7,1,all games,Seattle Seahawks vs. Miami Dolphins October 6 1996
977,36-25,36,25,61,11,1,all games,Seattle Seahawks vs. New York Giants October 9 2011
978,39-30,39,30,69,9,1,all games,Seattle Seahawks vs. Pittsburgh Steelers November 29 2015
979,56-28,56,28,84,28,1,all games,San Francisco 49ers vs. Cleveland Browns October 9 1949
980,55-10,55,10,65,45,1,all games,San Francisco 49ers vs. Denver Broncos January 28 1990
981,36-32,36,32,68,4,1,all games,San Francisco 49ers vs. New Orleans Saints January 14 2012
982,48-40,48,40,88,8,1,all games,Tampa Bay Buccaneers vs. New Orleans Saints September 9 2018
983,72-41,72,41,113,31,1,all games,Washington Redskins vs. New York Giants November 27 1966
984,48-33,48,33,81,15,1,all games,Atlanta Falcons vs. Carolina Panthers October 2 2016
985,52-34,52,34,86,18,1,all games,Buffalo Bills vs. Pittsburgh Steelers September 8 1991
986,27-18,27,18,45,9,1,all games,Buffalo Bills vs. Green Bay Packers September 10 2000
987,58-27,58,27,85,31,1,all games,Chicago Bears vs. Baltimore Colts October 21 1956
988,36-19,36,19,55,17,1,all games,Cincinnati Bengals vs. New York Jets October 9 1988
989,37-37,37,37,74,0,1,all games,Carolina Panthers vs. Cincinnati Bengals October 12 2014
990,8-3,8,3,11,5,1,all games,Cleveland Browns vs. New York Giants December 17 1950
991,48-34,48,34,82,14,1,all games,Cleveland Browns vs. New York Giants December 18 1960
992,11-8,11,8,19,3,1,all games,Cleveland Browns vs. Houston Oilers October 13 1994
993,45-44,45,44,89,1,1,all games,Indianapolis Colts vs. Kansas City Chiefs January 4 2014
994,30-11,30,11,41,19,1,all games,Dallas Cowboys vs. Philadelphia Eagles January 7 1996
995,46-3,46,3,49,43,1,all games,Denver Broncos vs. New York Jets September 19 1976
996,17-11,17,11,28,6,1,all games,Denver Broncos vs. Kansas City Chiefs November 6 1988
997,51-28,51,28,79,23,1,all games,Denver Broncos vs. Tennessee Titans December 8 2013
998,11-0,11,0,11,11,1,all games,Detroit Lions vs. Tampa Bay Buccaneers September 4 1983
999,54-7,54,7,61,47,1,all games,Green Bay Packers vs. Pittsburgh Steelers November 23 1941
1000,44-40,44,40,84,4,1,all games,Green Bay Packers vs. Detroit Lions November 27 1986
1001,49-23,49,23,72,26,1,all games,Green Bay Packers vs. Denver Broncos October 2 2011
1002,57-14,57,14,71,43,1,all games,Houston Texans vs. Tennessee Titans October 1 2017
1003,43-11,43,11,54,32,1,all games,Dallas Texans vs. Oakland Raiders November 26 1961
1004,42-18,42,18,60,24,1,all games,Kansas City Chiefs vs. New York Jets November 5 1967
1005,28-2,28,2,30,26,1,all games,Kansas City Chiefs vs. Jacksonville Jaguars September 8 2013
1006,41-32,41,32,73,9,1,all games,Miami Dolphins vs. Boston Patriots December 17 1967
1007,54-13,54,13,67,41,1,all games,Minnesota Vikings vs. Dallas Cowboys October 18 1970
1008,40-9,40,9,49,31,1,all games,Minnesota Vikings vs. New Orleans Saints September 12 1976
1009,29-29,29,29,58,0,1,all games,Green Bay Packers vs. Minnesota Vikings September 16 2018
1010,43-27,43,27,70,16,1,all games,New Orleans Saints vs. Washington Redskins October 13 2002
1011,46-34,46,34,80,12,1,all games,New Orleans Saints vs. Miami Dolphins October 25 2009
1012,43-19,43,19,62,24,1,all games,New Orleans Saints vs. Washington Redskins October 8 2018
1013,40-22,40,22,62,18,1,all games,New England Patriots vs. St. Louis Rams November 7 2004
1014,55-31,55,31,86,24,1,all games,New England Patriots vs. Pittsburgh Steelers November 3 2013
1015,43-40,43,40,83,3,1,all games,New England Patriots vs. Kansas City Chiefs October 14 2018
1016,33-15,33,15,48,18,1,all games,New York Giants vs. San Francisco 49ers October 21 2007
1017,52-13,52,13,65,39,1,all games,New York Jets vs. Houston Oilers September 18 1966
1018,42-36,42,36,78,6,1,all games,New York Jets vs. Buffalo Bills October 7 2001
1019,42-39,42,39,81,3,1,all games,Tennessee Titans vs. Jacksonville Jaguars December 6 2015
1020,32-23,32,23,55,9,1,all games,Philadelphia Eagles vs. Houston Oilers October 2 1988
1021,44-42,44,42,86,2,1,all games,Philadelphia Eagles vs. Cincinnati Bengals November 30 1997
1022,23-11,23,11,34,12,1,all games,Philadelphia Eagles vs. New York Giants January 11 2009
1023,63-7,63,7,70,56,1,all games,Pittsburgh Steelers vs. New York Giants November 30 1952
1024,47-28,47,28,75,19,1,all games,Pittsburgh Steelers vs. New York Giants December 11 1966
1025,51-35,51,35,86,16,1,all games,Pittsburgh Steelers vs. Cleveland Browns October 7 1979
1026,51-34,51,34,85,17,1,all games,Pittsburgh Steelers vs. Indianapolis Colts October 26 2014
1027,43-43,43,43,86,0,1,all games,Boston Patriots vs. Oakland Raiders October 16 1964
1028,43-32,43,32,75,11,1,all games,Oakland Raiders vs. New York Jets November 17 1968
1029,45-22,45,22,67,23,1,all games,Oakland Raiders vs. San Diego Chargers October 25 1979
1030,39-23,39,23,62,16,1,all games,Oakland Raiders vs. Denver Broncos December 19 2010
1031,65-24,65,24,89,41,1,all games,Los Angeles Rams vs. Detroit Lions October 29 1950
1032,48-35,48,35,83,13,1,all games,Los Angeles Rams vs. Detroit Lions October 30 1960
1033,46-14,46,14,60,32,1,all games,Los Angeles Rams vs. St. Louis Cardinals December 15 1985
1034,41-39,41,39,80,2,1,all games,Los Angeles Rams vs. San Francisco 49ers September 21 2017
1035,66-0,66,0,66,66,1,all games,Rochester Jeffersons vs. Fort Porter  October 10 1920
1036,50-28,50,28,78,22,1,all games,San Diego Chargers vs. Miami Dolphins September 7 1986
1037,54-24,54,24,78,30,1,all games,Los Angeles Chargers vs. Buffalo Bills November 19 2017
1038,37-12,37,12,49,25,1,all games,Seattle Seahawks vs. Arizona Cardinals September 25 2005
1039,58-0,58,0,58,58,1,all games,Seattle Seahawks vs. Arizona Cardinals December 9 2012
1040,37-18,37,18,55,19,1,all games,Seattle Seahawks vs. San Francisco 49ers September 25 2016
1041,21-8,21,8,29,13,1,all games,San Francisco 49ers vs. Cincinnati Bengals December 5 1993
1042,44-15,44,15,59,29,1,all games,San Francisco 49ers vs. Chicago Bears January 7 1995
1043,44-33,44,33,77,11,1,all games,San Francisco 49ers vs. Jacksonville Jaguars December 24 2017
1044,8-6,8,6,14,2,1,all games,Boston Braves vs. Chicago Cardinals November 27 1932
1045,33-9,33,9,42,24,1,all games,Washington Redskins vs. San Francisco 49ers November 11 1973